13955351315
17856919322
18119891999
18375328595
13955366036
18655303386
18010771026
13956166730
13505597741
13965178812
15375062976
15295572055
18255386738
15855966539
13955329295
18846101630
18356981266
13966026967
13485530079
18655325025
15250112757
18715346686
18375328619
13955377696
13966030558
13695539677
13965177346
13905537890
13855315509
18655189030
18130328563
17354271123
13855389284
13805533929
18955386029
13905531877
18130281936
15178525696
19810910558
15905531230
13695535796
13866383743
18055338865
18130409562
15555386636
18755385208
13955306830
15868286206
15268353008
15178535766
13705535253
15375116768
18955312828
13705539762
18196516901
13309635677
13470754428
13470737606
18155379122
18955386169
13965153877
13955386370
13505530122
13805531953
13865536347
18955361558
13866383210
18955332265
13966004358
18715531616
18949526360
15922319815
17855361178
13685536037
13605598151
18895311636
18356390706
18225531729
15755302980
18010760326
13866650383
13195531726
15055308627
13855310910
15212247518
15605538558
15345534473
18226139920
18119663779
13965150404
13637134003
18226539620
15255129728
15055756069
18955338618
15055338557
18505538761
17718254856
18955332397
13605536392
15395392589
13855318977
18110250599
18130370837
18255326956
13855334955
18055347313
15375530726
15855990240
18055312133
18110250511
15357883086
13965193368
13866387770
15955337443
13705533179
13955300360
13965170347
18949525001
13966022659
13866653646
13470747370
13965188995
13605539604
13955366799
13956175721
13955395530
13866657711
18255376258
18019538896
18955331996
13221833883
13866377443
13955398620
13855301749
13965185737
18955332410
18055350311
18949436183
13866653866
13956197485
18155319367
18055350192
13905532814
18955368785
13515534097
13855323070
18196535136
18715315667
13309630688
18256960563
13956190184
18655300602
13359082023
15955315330
15395338810
13955362142
18355125901
13805533667
15255308053
15215530168
18693818581
15555396263
18055314225
18955350118
13365715218
18068803753
15395538550
15955351799
18955304067
13955312729
18955343309
13655556945
18055309759
18196507352
18055305278
15056466991
13637133520
13685535096
18130401119
13053266120
13965192864
13955376552
13955361824
18955331606
18905538023
15905537116
13966014499
18955339730
13855388229
13083217510
13515539862
18055378322
13855301300
15212274508
18110261014
15555365095
13805535910
13225532071
13956166863
15005538758
18155332256
13721212298
13335539292
13855367265
15855972915
18955316250
18019527071
13865534298
18955331338
15345531511
13965150064
15395332095
13966033612
13965161891
13866653852
13866367194
15855977820
13956200065
18815537022
17718253550
15155348754
13955381985
18130602320
15375697568
18895398763
13855319852
15212277393
18949593990
13866354633
15855960898
18909635986
13855338603
18196532126
18715296587
13966039116
13955335786
13866650951
13605538709
18156581340
13302189268
13500504580
17856918881
13955308358
18955389381
18555307693
17756510821
17355385579
17856945390
13305631661
13205538220
19855399558
18130600730
15155326056
17354270889
15309636133
18955331608
13955361231
15212273030
13675530159
17775469027
13721208682
18156131067
18895388866
17330632426
18955307458
13855334449
18655362962
18855355118
13515533276
15555356199
13955370660
13085538859
15212268185
15178506623
15556352728
18955306186
13855309819
13004065644
18805535238
15178517985
15212212366
16605531507
18196564931
18955330905
13329032600
15255326237
18955337909
18895331427
13955305337
15055305553
13805536086
13359083118
13696560877
18156582894
13866378898
15855536039
13695672862
13955354089
19855328932
13645538585
13335536601
18095638385
18055377106
13955309263
13855325022
18955313923
15855531028
15155388366
15256093577
13295538846
18955374352
18255327680
17855365553
18895393705
18356070712
18019517256
13505593723
15205538281
13615537103
13965194081
13965152278
15357884498
18155329970
13625536846
17603230446
15150651208
18715140806
13966030526
13866361976
18255366270
18010750361
15212211782
13205538197
13855309515
18895301749
15357011137
18269791994
17730304735
15805538373
13093639233
18355517527
18715336156
15375531683
18895312385
18955360151
15357880181
13485530537
18715301352
18895311633
18255118870
17718254070
18855346562
13866381709
13956212129
15805535762
17355380190
13955391518
18895326259
13955369232
13955377876
18895359153
13655596336
15655300032
18955331506
13866397320
15665539085
15665530968
18055355798
13855337383
14755391815
18255302884
15855993228
17718254571
13966675664
15256002929
18156512952
13721026108
13635510897
13696795187
18949855535
18256975778
13955186817
13855101764
18055152314
13866788143
15855510561
17775373665
15255184233
18055303101
13855369714
13665531168
15056485212
15955309786
18949597818
18655328020
18158810330
15055305755
18226702839
15255310625
15056987899
13695513545
13576933834
13856922209
17318535850
18095646380
18054076925
15855225270
19855182083
15056037912
18919676369
13856583735
13615653470
18955577610
18955532680
15855254515
18919761748
18110369505
18056359886
15124760102
15047826933
15547541334
18547250030
15598315836
13722116627
15044702218
18747230131
18004811101
15374728590
13190746222
15647201023
18547160311
13214055530
13674711032
15326004752
15764711032
18947120826
13848929409
13015161587
15204782295
13327108045
18904712306
13664846210
13804710454
15990196108
15925688858
13003642523
13906520001
13588080708
13735869934
18042000722
13805717668
13819185921
13705714414
13777474710
18658128080
18258207626
13805722987
18611381936
13968152996
13774258621
15888862033
13666654230
13588232588
18321820235
13250808283
18668128677
13968129365
13666656986
13957181354
18668079102
18758550734
15988130407
13588327066
18606532521
15990043275
13906510385
15158065319
13858066789
13588160192
15384068086
13989489138
15968873357
17709931009
13906502492
14758026559
13372558733
17706500866
15988822035
18758280849
18157148161
13073699059
13777424009
13858181936
13758251279
13906532533
13777406445
13588069091
13957108203
18757104579
15258828899
13588840116
15157147670
15958002528
13588705191
13735889922
13968017295
18258220810
15088678995
13588863366
15867109106
13666682188
18657170899
15397115808
13758163429
13757153762
15168394664
13588463995
13588401207
15068736692
15157157187
13758224693
13858033718
18658898253
18957121205
18629370416
13023637676
13758231744
13588197911
18757174736
13616563261
13968071616
13655713714
13656658873
13429604601
18969106731
13750805594
13588114189
18814876881
13221058800
13588731713
13735526086
15397135251
13777492183
13989488336
18989872678
13857196226
18057154188
18057142851
15757137060
15857171991
15990101343
18268193370
13606812258
17764591340
13732232522
13757182702
18072716612
15841845659
18504189758
18504189780
18504189830
15641890001
18641861979
15841879642
18504189589
18504189189
18504187477
18604980042
13941854255
18241894242
13898551617
18504187761
18504189826
13804180906
13841892521
15042565337
13841807737
13384181555
13470335213
18504189628
18141808887
13050709010
13941860168
13795094677
15140928831
18504189179
15041875246
15041831166
18504187654
13342324356
13008293579
13464869062
18504187747
18504187975
13199131114
13464898318
13941826366
13020385701
18504189815
15042553993
15641870036
18504181271
18524708881
18504187412
13804181699
18504189816
18504187030
18524189868
18241899988
18504189870
18524708880
18504189768
18504187968
15134038401
18504187967
18841806996
18504187347
13470371375
18504187669
18504189321
18504187982
18804180090
18504187906
15941860087
13941867949
18504189223
13384185821
13795086334
18504189226
15841821161
18504189597
18504187085
18504187303
18704189926
13604989332
15804185703
13904180725
15941846779
15941890088
13841882226
13841854664
13464859062
18341891990
18641820816
18504187017
13804188727
15141802336
18504189278
15141832440
15042518210
18504180129
18641615799
13470310712
13795075732
15941801057
18242857570
13904185377
13704187298
13464879766
15904233019
15541809218
18504189655
15941821582
13841889109
18504189108
13464810984
18910030726
13795019372
15041860032
18504189679
13464842004
18504189680
15141800003
13464866661
18504189318
13464867476
18504189229
15641819428
15904986789
18504189896
13795019621
18504189298
15641861511
13841852727
18504189281
15304187800
13841830662
13130681166
15042546600
15904225205
13322322004
18641825655
18504189519
18504189558
18504187725
18504189186
15904236866
18504189706
13941802388
18001177913
18001177863
18001177836
13718261381
18001177822
18001177845
13426056086
15652372906
18001318851
18001177870
18001318862
18001177843
15010183269
18001177880
15010092841
13691153120
13981260523
18001318867
18001177936
18001177846
18001177940
18001177841
18001352783
18001318860
18001318865
18001318856
13811557034
18001177839
13611395291
18001318861
18801067992
18001177934
13601386406
18001197411
18001177802
18001177840
13381181797
18001177831
18810379625
18001177859
18001177833
13810161397
18001177746
18001177853
18001177851
18001177828
15010576120
18001177867
13601282886
18001177849
18001177862
18001177748
19910735010
18001177871
18311256580
18604515157
13439152063
13718617338
13581913487
18511058057
13436976176
13681551167
13552066590
18311091986
13601335792
13717537612
13501300070
13621008117
18612579089
13811620435
13661366229
15210752230
18518757837
13811989357
13401135957
18801121297
13691531053
13801240666
15201649116
13681472873
15210905641
13910010163
13810283279
13691187829
13581896605
13661349856
13693226603
13520107301
13501067085
13693393770
18518488056
18518083008
13311080623
18811424897
13581818358
15611621461
13522725603
13811029270
13552741196
13691169669
18519018971
13661251968
13601367441
13520038982
13683056980
18201655400
13522239107
13683600912
15101124687
18701410966
13681477202
13366970202
13501343501
13641085621
13521653825
13520549807
15101102352
18901385606
18901327671
13671305528
13661019819
13552084587
13681039271
13520598027
18518461572
13621100396
13661222117
13146343884
15210981318
15810078669
15201164856
15811019839
15701664801
13691573461
13717922072
15810709818
13651359986
13651322806
13801018271
13552003541
13021917046
13426385315
15010470847
13621233289
18601132696
13552797958
18701445632
13699223820
13641066442
13693187234
15801396210
13520248158
13366603007
15801386860
15910768120
13718731419
13522705263
13161197763
15311472403
13810757302
18701025331
13911168848
13811802166
18811713311
13811020908
13717516952
15801380890
18813148570
15810285467
13041096310
13810223550
13718336906
13641137990
13681140735
13611119256
13621346210
13811483984
13810610927
13811400867
18811722507
18901367667
13601302307
13718160692
13810271693
15645288677
13426220269
13811807739
18618320540
15810062994
13810378791
13488745636
13810278400
13401051936
15611432307
15600068333
15210921989
15801375287
18811135120
13910276469
13691419070
13051193919
18810178691
18601042798
15801604141
13910909578
13552967631
13691001495
15910542311
18811731892
13691130866
13811868746
13683109739
13911994147
15311428273
13718116408
13366361245
13901319017
15650715561
13681381636
13811071692
13581666430
13426225475
18519796007
13718941315
15101198937
18810942384
13911196669
13426313285
13501028182
13810350287
18519339569
13401100132
13661059826
15801586233
13810224775
13501370323
13661062935
13910223536
13693221500
13683192158
18701472829
13811195615
13911994099
15313099661
13552507865
13810877157
15727302001
13681583404
13126655772
15201584912
13521738035
18511361668
13121377716
13691319353
13681150164
13671093797
13641076632
13811534313
13488795670
13521747811
13910160148
13621263816
13691171373
13401024101
13621175059
18811468837
13621021281
13701177178
13910130069
13501080998
18810925659
18810476743
13810533882
13641166238
15600584235
13161948845
13661133971
13811847165
13810011958
13152657010
13651020886
13671063196
13811420899
18600067828
15801395293
13651077412
13521600200
13520633170
13141488258
13311593602
18611290096
13611220131
18610127281
13120051002
18610919027
13811123669
13611008782
13611265373
13693005529
18618436895
13520910693
15611215007
13810252710
13701214810
19801383080
13811589189
13623126997
13521239591
18701506029
15011078300
13501030609
13641067660
13810182577
15652681541
18910890986
13521557734
13521338039
18633639773
15652511879
13651132908
13801226815
13910761993
18501285971
15210908069
18210039326
18813148402
13810902328
13810389165
13911812193
15210534952
13521635738
18813170427
13581957525
13683224620
13811163209
13681238980
18612453000
13051838288
18611523189
16619867676
13811975768
13811932303
13901244981
13691233679
13811357669
13520447531
13683327479
13811240644
13488775292
15120042979
13910517385
13693204837
18510251436
13810030972
18516925133
13718736909
13521637407
13521910831
13718179859
13716540699
15201272076
13611233956
18810333172
13522727391
18601277518
15022228195
13501102837
13520488061
15810386808
13931215957
15110288380
13810320177
18500037600
13810922946
18610093566
13601333985
13699101922
15811420067
18610758839
13693609880
18911053768
13810334715
19801383315
18201097208
13810334672
13013210177
13933267878
13439716562
17800234486
13501095672
13810581172
13426427178
13683552961
13426029790
13810372749
18510388980
15201462626
13661333721
18513165971
15201233350
13810848706
18701696697
19801382902
13718735912
13911994615
18801257683
13810641433
15110057970
13501155740
15933926121
13683512998
13683511726
19801382827
13701251480
18701515955
18231211800
13811895066
13811868171
18633218365
13810055048
13933272218
18910332756
15120046632
13810352669
13601319212
13811409794
13611190634
13693600112
13810326863
13641063761
15010437135
17301337605
13681108869
15810531284
18800189515
13552616270
18201493290
15810567698
18146552157
13641092638
13552685869
13931659812
13810558498
13911434984
13810024074
18601194383
13930645853
18530005004
18931681204
18701625100
13051462335
13651080960
13521910332
15811292817
15801782027
18813154245
13911643969
15030451789
13611250405
18611037291
15122070979
13520885836
13661152522
13833615981
18613829449
18600858386
13833441988
13683308430
18910144682
13701279452
13621156382
15901031331
13683671887
18810230313
15801517215
17327766852
13552108902
13520532313
13582644948
18610561167
18211196626
18210229648
13520098711
15910245890
13811189898
13521336841
13810487092
13810614635
13521659162
13785686571
18701477080
13552996987
18611007359
18611326077
18500397215
18601349617
18500164426
13811549008
13381066230
13717760640
13552685708
15810327466
13911581096
13552963633
15801583796
18232681026
15672790399
15901196163
13426230985
13311332717
18618456837
18618343716
13810948742
13683596200
13811754605
18632550089
13051832577
13426252033
13730364583
13811645080
15001002157
15076678496
15501222392
13691554900
18515535346
13810585631
13911990378
18612556416
18001181808
13301043088
15010580221
15932618626
13366668012
13241852728
13810245439
18500193325
13581580939
18810096282
15911049304
13466774654
13693131088
13611222285
13611010374
18810798695
13581669253
15230673635
13100960595
13811362045
18501160485
13785692592
13363631591
18811526983
15120095175
15811045529
18910700217
18600907329
13269282610
18610786990
13426223299
13301282772
18500800206
13811628492
13810791081
13811879789
13426595955
18810448988
13810370709
13601016716
13810919089
13810063593
13522550554
13810427057
13699288716
13671258851
15010062801
13552357278
13264029566
18518273867
15210583431
18210919858
15101667029
15120075465
13651273141
13911383968
18911437527
13810415712
18612889811
15210717638
13641339738
13520402930
13718170769
18601289512
13488782319
15910707790
13621163581
15210583498
13811723651
18101051026
13810496024
13521752447
18600156424
13810419876
13331109671
13681010103
18515654059
18911941016
13401113126
13611385350
13691279730
15101127331
15201341405
13810284064
13522637535
15810301535
13501331951
13810284869
13301398129
13718275871
13811688757
18911345396
15210583565
13011077133
17732492803
13501376895
17701147519
15201341416
13717995169
15011430177
18612636353
18710171948
18500191949
13693003835
17710230131
13693165198
15101123747
18810862959
13466525865
13520335889
18010268914
13611151520
13641189490
15810758900
15321936970
13439005807
13691335385
13811437045
15210898695
18701079857
13718676522
13311098285
13811914520
13520311019
18518623519
15010386230
15120071826
18001298697
13521220008
13661306844
13520809626
18910972873
18611741703
13691483053
15001189709
15010475128
13810010752
13811293126
15210893126
15810163058
13911607109
13501279260
13811487918
13401096921
15810903920
13811380375
15652342482
18611205830
15801665197
13811515682
15010222093
15210666991
13691288266
13810988328
13581576796
15810965336
18510182906
13810967111
13581694912
13401109400
13810781215
13693295055
13126598293
13910519953
15210091589
18611752656
18851507911
18618102186
15210945441
17777826003
17301382707
15910616687
13811833186
13321198352
13601200700
13811058760
13520801310
15011250567
13641021010
13011093553
13699230118
15810845836
13671180801
13810028197
18810722475
13810887590
13520407752
13810978658
13701021579
18701506606
15101114931
18701485620
15311882610
13121018387
15911108109
13011098238
18618229610
15011431886
13621167302
17601013303
15210907301
15811021186
13426364357
15010611159
18810650494
13521255243
18001068530
13811993496
15300240405
13522901128
13141300197
13716672600
18310029728
13011020233
15210288852
13910673698
13810849777
13391637211
18210063500
13311529872
13671341835
13810580905
13601228102
13810630180
18201021387
15801665983
18911449022
17600185336
15210672238
13810546709
15210673991
13552960226
13401119487
13717996607
18612365840
15810933510
15901406116
18612927291
13426456847
13621019640
13671179956
18810750622
13811479896
13439219395
13810016668
18612096329
18810076332
13683382051
13520221234
13581960078
13810957696
13716295294
13522682973
13681449240
13552068371
13261854397
18611588269
13641309435
13681314903
13651026286
13691500522
13701260903
13810676810
13810719753
15110011336
13810528975
13691071969
13691201701
13811135100
13693307625
13621085155
13671096235
13717733771
13501057349
18610890267
13811555948
13661379960
13661102374
13810724999
13661221556
13651317125
15810279340
13439209456
13552493400
13520889517
13520012189
13611309732
13426025406
15210116809
13522325257
13651033375
18611175395
15810733877
15901259988
13439234080
13811533243
13522827588
13520817712
13522212675
13641003071
13811326165
15601362962
13581603641
18600357776
13718242759
13810772344
13436852775
15910372465
13693213251
13671200005
13488847580
13811048297
13693578614
13611056365
13681081659
13581759679
13693353823
15901189806
13716708870
13681056377
13426319268
13641144561
13520837302
13520524696
13718597896
13621302314
13671262619
13520605441
13521850676
13811503716
13552876662
13681081281
13716286353
13552237670
15321681168
18001219910
15311969893
13520271595
15010833998
13552977602
13401001793
18801135853
18510336499
15801454434
13681200327
13669367347
13426051969
18201669037
15811283779
17710131660
13641047121
18613395667
13810576427
13161746800
13611108280
17801036494
13601172529
13910127431
18801189844
18210855218
18612937720
15201318171
13811265587
18511147219
15116932449
15810723288
15210225088
13426279900
15010098588
15501020062
13611186015
13671356632
18811602926
15810079585
15901507872
13501147575
18612216486
15210567604
13716743387
15210873099
15120072434
18867597997
18622136272
15801080134
13810960486
17310013186
13699211362
18519725859
15010820997
13691024315
13488847763
15910201995
13716640916
13811967124
13141135431
15201252733
15801017445
18001106770
13911997218
18910051585
13522480115
15652382027
13651210106
18201053459
13810895137
13811024509
13811661993
15901072232
18515490905
13439795163
13811011071
13716286079
13810595126
13621056972
15210436686
13426496621
18612563682
18601073864
18501048085
13552591118
13661129157
13146725820
13810912849
13718982822
15901523983
18614250550
13581996955
13521333115
15010635008
13701395559
13810056727
13521165082
13693351256
13520868903
18001140042
13611114639
13810634986
13661077694
18810442917
13810996063
13520279301
18601900678
13811415290
13520490180
13611185202
13426222134
13810026784
15810391350
13910167677
13681057042
13001959171
15801641952
13691159158
13146525747
13811389450
13683209347
13693238480
13611314488
15810419772
18910391132
13811600586
13811636969
13910021364
18801200693
13521617179
13661060032
13521231515
13521970972
13611100700
13651339092
18613823315
13511011501
13521703156
13801303171
13501338826
13810067720
13810153468
13651157531
13901205205
18601958502
13901365467
13522230406
13911014532
13911258482
18201030554
13651363241
13718584468
13810864811
13552559404
13161012855
18813068939
13810729803
13051586327
15901181094
13521858179
13811481718
13601006833
13641110436
18513961896
13161697852
13522628065
13810009476
13521765628
13810986236
15210583383
18810135828
13260433381
13671315454
18410076318
13701196605
13811172473
13601168014
15101605067
13701089969
13811993369
15501099123
18601941405
15110296223
13811357301
18611061508
13683051165
18601931856
13810303800
13718988551
13260226606
15810871982
13691212799
18618195325
13661092909
18612032341
13611109887
13263422058
13661143405
13810357402
15010014098
13488684049
13811564224
13718824579
18620100319
13699190282
15810605171
13811426096
18210041121
15210574481
13811127718
17701023647
18911326609
13161566588
15811105992
15011094474
15001287400
15600662778
13693691607
15810216957
18710118607
13811259045
13811253925
13621304053
18612981867
13141202641
15810701710
13522146727
18811302976
17600277691
13641133394
18311489968
18910594096
13520356166
13641054682
13811887880
15611554379
13641269491
13911530736
13260464844
13811585238
13671315029
13466612671
13521345624
13141220006
15210981930
13146316469
13521194713
13552934935
15652782179
13466664016
13683026068
18701336907
13910916762
13161766176
13370150322
13522435196
18510623986
13552657990
13661212136
13501327529
13810753834
18633790081
17710966653
13683682842
18132561850
18510147878
18600177133
18032639727
18610331049
18500272246
15810090052
13290660801
18911938567
13373589358
13624502778
18810351327
18622906269
17743554547
18032628968
15632683297
18600440979
15810061133
18600778037
15833163994
13785644171
18731695369
15383866948
15933752803
15510186179
15133606082
15231643300
13811019791
18833619778
18610080925
13290660590
13313360228
15201541408
18648267011
17733605965
18910816006
18931645794
15232332667
18612563485
15047235720
18911380665
18631638505
13091307565
18810333867
15081460572
18710080221
18810821071
13720019679
13811398043
18518085725
13633269886
18404225399
13426096162
15210618084
15075663775
15203360609
13146049822
18911918226
13522772219
13832686081
13910033142
18910206221
18310625201
13520838836
13699225251
13717710680
18610217146
13161076428
15210945711
13683179681
18610386168
15001109225
13693603894
18201126866
13521512683
13717531420
13522095181
13520168660
15120036670
18232690568
18601365253
18210937656
13439812708
13810689008
13811752608
15611107256
17710734976
13683179869
13466613482
13521504502
18210905855
13810025068
13520902912
18911067196
15001267599
13831690619
15230628818
13785599450
15611777744
13303162901
15632662888
18031605049
18601171588
13501290526
18133877172
18731602056
15832683828
18131634566
18033650179
18832626138
18910879077
18601134689
18633611591
18630629115
13661185801
15133228253
15231655619
13292670917
18330676339
18230463589
13833634589
15831695500
18232668089
13722627627
13463431945
13911710426
13811824255
13785479405
13691052184
13601342556
18611921567
13520674516
13080884410
13473682428
13581875335
18531697997
18810442935
15901032274
18811585867
13810102252
13466320933
13811538978
13810224893
18800161062
13641253472
13581958386
18813164490
13811861549
13910383411
15801608483
15101080780
13810195698
13488745647
13810585406
13651303769
15810676762
13426299179
13718734889
13810966901
15210678818
18201064099
18810959073
13811732672
18810959050
13810822000
13811451416
13426266420
13401074317
13911993350
15210354756
18810576928
13552018096
18811138015
13811982420
13522247152
15901228210
17611424196
15901181583
13651317333
13720054938
13051182889
15901588612
13671130918
13910636347
15311251761
18518062700
13811350196
13810045680
13718521022
13718680668
13391921248
15210513645
15811575598
18210435053
13810607562
18500852857
15313096587
18518062360
13121323311
13488666105
15101150652
18811050262
15201130855
18810704439
18501950885
13910573385
13810113696
13810665266
13810425453
15222673830
17801025157
13701247325
18301101025
13522681004
13811526717
13436850602
13810777289
13621395916
15001367697
13683621046
13522714365
18618265580
13910928436
15022119216
17710856686
15910442273
13811861285
13691426199
13810018483
15810588559
15611320361
13752672773
15022702050
13681085318
13241480097
13651377765
13693133511
15330220466
18810321521
13520160140
13124735986
18511790046
18612963615
13522632234
13426082104
15010932208
15201330540
18600963035
15910664905
13811390215
13810607820
13681387552
13681107235
18810561903
15101197446
15811283606
15811396990
13552448168
13717668082
13910589691
13716354661
13521362236
18503827535
18613813866
13911201191
13366628170
13146772217
15811500790
13810430835
15811068207
13811193540
13261113905
15201303599
18810136189
18810985108
13801070954
18810569156
13161197783
18811751836
15011597241
13164294396
18518593616
13161023348
15801260454
15910301509
13146778550
13691092159
18201535915
18810576795
13621273436
13683500391
13601058900
18811702548
13521971789
17801024758
13718782070
15810192133
18810605269
18810600429
18811020956
13051646910
18610252126
13552595600
15101683776
18910897655
13161384810
15810810691
18612103169
13501304358
13311329553
13651379834
13021071681
13426279365
13716516781
13683235597
17301023169
18612033226
13811108246
13426202021
15501190419
15801546328
13811263457
13693070263
13621062176
18618134133
13911453237
13681025070
13521014352
18800106383
13716799116
15810289024
18001120900
18701033958
13811442091
18330695160
13683619086
13910534603
13488888806
13581925043
13483609768
18333631786
13811773206
13932646587
18911302977
13611204045
13701356540
18330695039
18330614933
13439185822
13426315485
13466339486
15001304578
13811418368
18210337687
15201228310
15652922149
13681361037
13581848896
15600900867
13439536095
13269206636
17310536160
13511017178
13716757013
15811426799
18301225952
18611114370
18201615581
18500614000
13488805217
17710134186
13691335208
13935183421
13520020953
15810165518
13810970866
13146030798
13401178576
15010335220
13699203506
15901299897
13718377953
13552383640
18610942316
13718750246
15201420915
13651215168
15510413428
13811628489
13426025266
13671300809
13681043750
18610345896
17801171992
13552907186
15810900396
13810774873
13581748007
15726600968
13811183736
13693345470
13681011031
15810471942
13693092769
18322768661
15901181999
13621315119
17600107677
13691482078
18514067008
15011395316
18210790320
18610468046
18501904608
15811272512
18510351599
15652062510
18514045931
13811237113
17611368515
13911713295
18801231050
13691571932
18210171580
15901358512
13621196953
18804312178
13161052881
15110162568
13439109419
13621123050
15210878435
13693180820
13401130473
18801301966
13811453692
15901269096
15710097097
18910814520
15110258083
13718077224
13810364157
13426349476
13810177672
13651336112
15201063619
13651091792
15910967926
13520073519
13520663850
13661266079
13521939618
13439663644
13021232720
15801561751
13439508735
13146105396
13641128372
13522859705
13521151932
13671016950
13621003290
15811506071
18610255015
13801325132
13261086372
13910639721
15811392875
13718011626
13671105971
13810055712
13910146061
13552110767
15201638708
18201376728
15811270239
13651100547
13910869632
18610311009
13439039198
13810603945
13161348675
18515988659
13811207754
13810762706
18614283931
13426385393
15811001702
18800025696
13683538877
15210679124
17319444881
13810878103
15700693683
15501006827
18612260822
15117996986
13717756667
15652767380
18910131298
13716013152
13501020925
13718391761
13501350745
18811777136
15210528607
15210353729
13581510100
13520956122
13810843180
13811812858
18810374791
13371679471
15810992137
18910351929
13521460317
15201296560
13811133998
13213358918
15210889805
15120001841
18701387728
13611143076
15652365614
18610157395
15810245528
13264269273
13661185651
15810301781
13521804614
13718770925
13520865034
13681105231
13718904760
13031185825
15210366019
13693180030
18518014345
13661282370
13811983656
13501397796
13501172971
13522662806
13522921353
13522962406
15811288909
13621112361
13488847135
13520789408
15810750119
15110068442
15811392891
13811115328
15210336186
13810459871
15210199720
15210904867
13699143869
13520135978
18810986422
13522421800
18811589223
13810680031
18800101836
13366710582
18600802896
13521130915
13391797520
13683318543
13611278507
13811253136
13521587698
18600127529
13691503895
18811429241
13811166555
18500296025
13681089338
18611834056
13426255529
18601221851
13601234202
13621306601
13811747357
13681592905
13621093261
13911029658
18911860467
13699207709
13681433737
13366164096
18663184919
13910197571
18811375808
13681583014
13466658956
13641352510
13681437109
13910395752
13671307082
13810652358
13520572228
13681521205
13693200586
13621045744
18600468302
13488657908
15210932853
17326805300
18910153265
13833444218
13833444280
13581730023
18612358391
15110165029
13683503228
18910295597
18310786836
13911116018
18201693190
13466770875
13811090588
13520853936
13810055092
18911749223
13701305439
18601319566
15311763992
13611036591
13269236974
13910666652
13683285756
13683555409
13381347586
13717687392
18610569839
18800039669
13366025660
13601319814
13811180366
13520195046
13661200992
13521158620
13701123173
13911123094
13581793076
13810224100
13810092930
15652118886
13810803932
13901197856
13911275002
18904713123
15561074551
15849109564
15849161190
15248036070
15047855866
13624714503
13029502636
18947916090
15184790200
15248179590
18047209500
15561257858
18698444469
15947328815
13848717379
13171486108
13789413687
13664733452
18548180220
15714712666
13039583712
15647213986
13848123604
18047125645
13684718748
15326093140
13789626892
15598202078
13191419968
13947154520
15248133976
13644889055
13474974137
15560841068
13947275451
15561088635
15540116636
18104712155
13848247226
15661065221
15540271809
18047159833
15391112133
13848003966
15354858525
18698435727
15247125469
13821718139
13327106244
15540115818
13624716878
15904728808
13804711563
18647149856
15754884988
15661507236
15947039251
13404818506
13327107944
15947115064
18647149048
13734710711
15248137839
13394894654
18047255110
15661658990
15849296333
15540240688
18504727687
15949418950
13848172729
18698402980
15849198712
18697419966
15184790263
13789423769
13474719533
18647992516
15774711473
13722127855
13704710852
18004816721
18148349007
13848264580
13084718371
15034791619
13848293071
18004850418
13074768768
13848179166
13337126649
18548102636
15204721221
13644838739
15947624003
15904892279
13191416984
13019566519
15391136788
18647382303
15647183179
15024790016
13722133012
15560980725
13684788285
15335523849
13337107080
13848811748
15148037628
15540136963
18604889523
18686024717
15661622815
18648254950
15849359989
13474716565
15690916642
13081545526
15184728018
18247275927
18247167665
15934925289
15024703208
18647779017
13848626395
18247160186
15326093223
18947202852
15561417868
13948106408
13191468168
18647136419
15248073775
15354896042
15540121906
18647396686
13847265099
15849345736
15344117852
18004811171
15947310267
14747256675
18947288853
15124818419
15848139402
13171229618
13904719725
15560976644
18686137388
13039521745
13234720913
13947700213
15540271089
15604773299
17604813689
15047875918
15847183443
15204717769
15849331529
13404832590
15849342506
13739976619
16604814969
15247212221
13500693259
13789518921
18747231651
13734720850
15540189021
15849225258
13674855943
18147122564
15547102626
15247152440
18648253122
13474996292
18804882144
13404818505
15391126186
18548155740
18047499854
18647467644
18547113276
15335576997
18697419975
15044946611
15598315818
15947023341
18647209977
13142413419
15560847251
15849334266
18647154980
18347122015
15947230967
13238442901
15184745681
18947109982
15024770774
15034782601
15354817572
13074783213
15848863622
14794725127
18047101587
18004854684
18547133123
18504712452
13514816522
15044963168
18647127725
15561070886
13624724408
18686056368
18586146718
18748115185
18047166668
15384868419
15661226190
13681356725
13651082533
18401665487
13621002410
13810111887
13911790817
18601946697
13810159218
13522081186
13681227094
13691559528
13521336836
13811992431
13552051682
13801029903
18811163909
13521368567
18910844984
15652946380
13488799383
13681133864
15901493469
15210996386
18611930881
13501072260
13641165043
15810997611
15811355768
13691136926
13810139067
13810784169
18813000980
18612003407
13466661187
13552788785
15510261766
13683554860
13691562029
18612560656
13693104532
15811266287
13693165883
18801393861
13011029393
13522150833
13581507195
13801235528
13552836277
18811620831
18101039338
13264466938
18910885916
13718395523
15011219939
13716107233
13811873706
13810112340
13521643793
13651104561
13401122755
13911991340
18500078816
13681525349
13581577166
15010541658
13681161273
13717957606
18810812236
15313549106
15033136259
18800198893
13811156753
13520416002
18911206137
13641001018
13716580019
18518880940
15901356315
13810220376
13621172711
15011268198
13426023056
15801410887
13466790626
15901180801
18611550152
13810198986
13683033391
13811499747
13671138785
15001245303
15201476589
17610067736
18500300329
13021161858
13341011779
13120032022
13651111830
13381201578
13691286631
13661180232
17888811929
18501359429
18611892118
15001219596
15120058099
15120081315
13671009422
13501126503
13693252958
15810016078
15901197124
13381211086
15001017881
13641061542
13401160308
13071125580
18810481430
15010216779
18210675852
15901260322
13522729319
19801383007
18811473097
15297308817
15801378778
13810334151
13521550108
18601209804
13910981728
13720017970
18811395638
13611013871
13810394929
13810139065
13811162004
18811175676
18611698323
15754518771
13651043265
13520529378
13051233843
13810704279
18701633316
13811810809
13910642523
15810538286
13581814380
13651352123
18601382822
18511219372
17731286849
13051171963
13693113582
15911033383
18701467606
15801308519
13522550386
15910619916
13683372495
13811206036
13810936120
18601258995
18610711872
15210334647
15510260227
13683118390
15652609493
18613800186
13810088229
13691277792
13683555796
13810637377
13810070889
15010382743
15010613699
18610838106
13021186122
13621192541
13701119167
13810112343
18519079369
13611375312
13681587201
13910282822
15311491746
18310736008
13693270531
13810765702
13552806760
13401163942
18910012397
18511255282
13269657421
18401681939
18600206881
18610252286
18201595309
13611122684
13911997357
13522829608
13683596680
13810070008
13466561465
13552318561
13671041816
13581751615
18910962090
13693057239
13581687143
13651321936
13910407805
18222952529
13810674893
13552555116
13488762702
13520536588
13488825584
13810430341
18811175689
15810088983
15311277968
18201613211
18600224650
13651123243
18501211582
13520265887
15652366330
18232591189
13321159232
17601097797
15810717266
18500971236
13161105028
13661109813
13021272060
13651097433
18611879381
13718385772
15600801376
13241833503
13401100780
15801380336
13671352783
15901255978
13641258588
15210662652
13693247665
13521065448
13683180437
13683181874
15901062515
13269155430
13520001010
15101568399
13126696137
13811737138
13691592929
18601275523
13718288970
13141147599
13910729593
17310605220
18311408994
13501178597
18810933372
13911734161
18701418016
13717803731
13681079899
13488761224
15101669004
13811302406
13501163535
13581599520
13901151433
15801325556
13641252738
13811286951
13681532423
13601378601
15810028826
18610382908
13681021791
13910709188
13366268165
15001021136
18910121533
13521064537
13070113116
13581913468
13041228002
18701635155
13681239672
13269500208
13810619087
15210546690
18310889817
13716250887
15120077187
13661249564
13521509900
13321113996
18912352614
13641129019
13240296636
13488699352
13051638274
18618387745
18310622017
15901219129
13641249879
13717695421
18612582105
13651203660
15910967563
13661305620
18611390825
13811444392
13651374860
13552991852
13641358275
15122125750
13241913761
13401134000
13811099951
13811373911
15801286128
13051732278
13811933992
18611639267
13701324132
13811076012
13041111750
13651270497
13021128182
13146634998
13718985600
17600063868
18811476619
13124725085
13051800572
15711153633
18600871762
13521364672
13681080775
18701337656
18801101801
13521038623
13241959002
13693197559
18510796521
13439626357
13521348412
13683328707
18211150630
13718158941
18001240652
15110114418
15711481003
13263295778
13717517707
13718758393
13810262610
13699290358
13241999200
13718690686
13621112750
13661175448
18201066508
13718675649
13683603929
13641330050
18601907619
13383623931
13671391740
13520969986
13910529891
17600033053
13810538877
18810448290
15300333863
18911098091
13717831619
18516896837
13671355696
13910668264
13810713552
13366330660
18710158108
13910681229
13651089005
13521282867
18801063738
18910055619
13718731719
18910785629
15110291260
18511757608
13601354578
13521698767
13811838347
13671254270
13269188586
13810845212
18500523617
18910055068
18910055659
13621155319
13785479301
13811319051
13910884616
18910056716
13121221907
13810413215
13501326202
17701382721
13681259687
13601303698
13466727848
13681009980
18610248958
15011219568
13718353865
18610838360
13910704601
13488817770
13466337590
13520904880
13501114169
13693125066
17701296525
13671068251
13521343777
13691268178
15210738990
13426342958
13810166581
13671098770
15313129976
18810396260
13641110203
15101575183
13811060537
15810778602
13426277196
13718820835
13521161779
13810580169
13581681909
13611061000
13501361289
13621186127
13520338904
13681254539
13301137819
13681090469
13811285605
13671228600
18311362389
13683565449
18910055506
13699283058
13611174643
18610816981
13641106819
18911195996
18600954289
13581986038
18210959813
18601368567
15699808537
13810999853
13810014423
13311029305
18310765893
13501181886
13683219295
18600008988
13651286899
13693368893
18701570787
13520190812
13661181067
13810257951
13611211776
13671361015
15101050582
13651319512
15711084149
18910055606
13810839502
13718011295
15901434686
13601055924
18518785195
13681319600
13651171558
13681005226
13681290209
13716788374
13810971845
13683548494
13683208857
18813191183
18611399556
13810778015
13601129783
13810114184
13811697060
13581737131
18618188252
18612182016
13810870193
17301097856
18518678906
13693158131
13621383231
15901414073
13611096581
18515988018
13311093815
13661236712
13718833712
13240288231
13651252679
13693635473
13810678190
18610249658
18518966265
13301026682
13146488287
13466580546
18810518429
13426193870
13910325632
13811298781
13381025252
18518966267
18910712264
13521870804
18810151968
13581856103
15910979027
13811751187
13911999270
18612634157
13910097686
18610810627
13683646225
13810947217
13501151840
15810368615
13426078146
13581893657
13811433676
13488663003
13693226016
13522805792
13811369560
18618142829
13366616030
18610826409
18201060555
18010483547
18610772010
18801064654
13810610642
13146984347
13261800277
13001277522
13811299217
13141223561
13683535036
13671353473
13683245511
18511882832
13811261588
18001178559
15801136363
15801581237
13671378431
18518566850
13552801609
13718138906
13601268830
18611686708
17346577727
13466363313
13811896282
13366013660
18519063830
13381203692
13581987132
13810431965
13810786589
15210879006
13381496171
13693530852
18612426058
13261036822
13439080945
13601272012
13501127943
15201052897
13146980727
13671208207
13466719781
13366035706
13011863330
18701442818
15210583393
15801419960
13521615226
13683023377
13011197058
18611058706
13717821759
13693391006
15201076070
13581617827
13401112581
13716034807
13811468871
18810325660
13521125116
13031063082
13520368217
15120075141
15210877781
15901083757
13501102779
18612991093
13718590385
13699204046
13910812972
13426036354
15510519668
13681495085
13366335106
18701626963
13146610582
18510032962
13671151106
13311002768
13641089771
15210585295
15811290888
15911136711
13911087825
13716786668
15810897632
15210727816
15801113167
15810046039
18501949649
13466539258
13621173901
13717736892
13520734902
15810850318
13810219991
13661144158
15901171585
13611058582
13521167906
13581891218
13521203749
15901063669
13611267010
13552205728
13661296099
13641262623
13520433476
13522901352
13641105490
13426291055
13811780132
13810999596
18210746625
15210113215
13911269995
18610335375
18811630919
15011402478
13691162556
13681409372
13661312265
13466648469
13910815995
13681559906
13641283118
13269558610
13811829854
18810099338
15110277985
13522706186
13511069898
13693673036
13810068515
13910694021
13521132683
13581552564
15801235897
15801616373
13426345982
18612119464
18101325636
13911438227
18612702122
13693068251
13522828388
13691292038
13520702509
15210240804
13801387955
13641193316
18910536101
18611140262
13683251281
13693233527
13811179915
15901186135
13811327309
13520029903
13161682244
18810786075
13681517838
13811226183
15210226185
13671384115
15910669596
13501285618
18211068270
13641112179
18810558581
13611024325
18211036850
13436681265
13693321463
13810463266
18611687681
13161872138
13716884060
13810431448
18810447846
18612537324
13522388874
13521144192
18911421020
13522459037
13439677256
18515897503
13811946380
13683683465
13811701926
13691310129
13521373920
13601276644
15210113577
13439703710
15810963632
18910735851
18701219554
13693291127
13717805162
13810718704
13810556242
13716098866
15101162338
13581575532
13439184282
13701226411
13436868782
13661394208
13716327789
18910266046
15801145171
13426486692
15910453040
13720008959
13911755988
13241558886
18911535825
18210721597
18612578669
13811385357
13520336847
15910336528
13521137171
15810200682
13693021776
15010757082
13241632125
15910450430
13693386523
13693032223
13811770599
15110294248
13718395694
13810610280
13716303810
18310248155
13651096808
13241350565
13436950975
13681009478
13718816321
13552492370
13436800465
18811472710
18511416868
13717794371
18701222036
13811493184
15011207886
13691136020
13681245607
13681073798
13718228560
15011179110
13716621225
18101320685
15801671543
15210231127
15910568624
15901265710
13552117718
13693517855
13611320118
13716431568
13269951953
15110090196
13810183863
18310461796
13671161208
13716305975
13810081761
13716728372
13810070936
15010020509
18513829886
13051352998
15101121870
18510052881
18610925756
13811867223
13269642164
15201606460
18801209963
18301302490
13301190116
13681231520
13661200569
18513502976
18611945910
18510869115
13810798852
13521574997
18612709776
13683343614
18618120625
13521583954
18516998665
18611733220
15001112337
13522305718
13810230629
13488661701
13911587308
18210619688
13261605866
13552679626
13611070661
13126659066
18911135889
15110035976
13552665105
15120007263
13683531171
15010609354
13810665600
13810531416
15010069151
13661051378
13810676879
15010219129
13522033329
13366902898
13641302981
13701054781
13718356070
18910567059
13671125015
18614072182
18911785698
17600523283
13683101829
13501346910
13611177848
13520243546
18611838662
13716734060
19801039687
18201023432
15611549918
13126512294
13436373597
15810652081
13261713618
13041138899
13522094213
13071114627
13811661918
13260234600
13520446436
13520907804
15010216395
18601147919
13522121009
15010180952
13366166053
18910419535
15120055964
15810057808
13681546936
18612016145
13811728242
13552600156
17610758897
13671224514
18518255558
13701086120
13611146665
18810838776
15811072301
13910957687
13581724501
15910685609
18801355316
13811741955
13426072918
15210653489
13810166475
13426291990
15001085961
15810722807
15891296773
13552037599
18618126964
15601099070
13552861215
13520187271
13691179979
13661336474
13466697818
13581648635
18501275720
18519838937
18500426018
15117927696
13261649124
15910656038
18601269317
13910730781
13581815192
13167557733
18601997352
15201504360
15801589123
13001105161
18610792209
15210672956
15210840432
15801651850
13811015329
13601071962
15901318065
18911898611
13810330414
18911076901
18612185802
18513436569
13522289365
13611104579
18310929609
18511588612
13811605593
13691559215
13520834481
18611612468
13810968023
13301184925
18612035356
13581851284
18201385177
15210810502
15652375648
13810980204
13718038413
13693316374
13693685186
15201365332
13691053169
13810101657
13426045035
13051926033
15210579263
17310332703
13581607871
13488653723
13426245372
13910022910
15101142018
18611462037
13810884753
13810623342
18511581218
13811005611
13811136790
13366553606
13801119960
13439113523
13811910122
13693195836
13581851230
15600693372
13811916235
15652905976
12811504133
13581789232
18510651403
18911165211
13501183309
13671293508
13240490890
13811837081
13501185332
18611347619
15201088277
18210041943
13520430036
13911942947
18614058237
13261197379
13810222471
18611995167
13522285622
13718041974
13301161191
13810678135
13501185078
15201198051
13810588265
13910254560
13146205927
18701644619
13911693926
13581716027
17801062242
13651248853
18801121517
13070126697
13466721850
15210444060
13910576535
13681286649
13552804595
15110135975
13488895495
15210136873
13681016047
18601148940
13811469035
13691502696
13511079297
13261197376
13811052639
15611034590
13521093596
15810250401
18611526163
18612429329
13811245590
15810579084
18810377732
13681256880
13366733568
15120071816
13141299868
13466521061
13611299233
13683134560
17710150385
13264213001
18614057460
18813065236
18600408585
13601236160
13521800592
18811081167
13811703080
13811554571
18612528396
13683057042
15601316083
13051415789
13718486931
13911993578
13810976446
13811495298
13910820594
13811985280
15210808379
13520318448
15301126991
13466560247
18611153615
15801407553
13466310753
18210125413
18810650561
18601117463
15650755704
18901181488
15010551780
13522876176
18801339081
15901234128
13810009161
18617838799
13051078711
13260383887
18610407992
15210997018
18701490679
17710474281
18510333715
15313974720
18911446775
13141372329
18500741338
18910651367
15650775820
17600426282
13311351189
13911198051
18684762756
18303037313
15210671967
13311350916
13810872168
13661389376
13581938623
13611356008
13691314086
18310056829
13521267901
13641341320
13811341008
13901224538
13522989896
13581763912
15301356621
15901042326
13522483135
13611045741
13691079835
15811562659
18742096791
13661223464
13453459928
13641319837
17710336979
13641026462
17601680939
15901122752
13488675394
13911816872
13716001517
13120295442
13466315094
13691006031
18804308171
15001373943
18910581264
13910025533
13611385736
15801040263
15601322001
13911081521
18210070387
13718019102
13146065588
13641273375
13683313201
18800088236
13520340473
13124776890
13521577019
13311087040
13718552157
13810591869
18801358677
13911310896
13488723334
15811257694
13552967729
18518311972
13581792156
13501219645
18210068329
13121070068
13717832882
13601151517
18610882123
15710082139
13901080725
13717955329
13522852085
13601035300
15810949566
13671056419
13621016780
18601153062
13520634042
15810212556
13693278289
13501171763
18513178986
18810261822
18610795897
18611396625
13261565765
15801540160
15810580497
13810160272
13810413512
19801352132
13121726885
13552922680
18511599291
13693627106
18888851380
13693229815
13261776936
15001353829
13520490602
13693664606
15810568276
15311453887
15811263649
15011461079
15624980351
13552854786
13810746895
13581626225
13661271229
13520400459
15101031322
13401031716
13718314430
18611666081
13552989889
13520210825
18210010308
13621212643
13020099711
15910629120
13681517965
13611360212
13164284689
18911121890
13581595777
13520764285
18813138934
13811735353
13261508946
18911199774
13693538060
13520536962
13611064602
13681511235
13161994306
15810237413
15201596902
18500031228
13910171218
13810528543
15201443758
13701215832
13811530927
18511914114
13681029829
13521309808
15010228266
15611666323
15611002801
13522309175
18618397067
15210317357
13611017750
15210297215
13911925306
17710465289
18610719265
18801428123
13683237289
13716787999
18610362679
13716737541
13691218669
15011230838
18513387896
13681096160
18612375593
18513231203
13718259070
13718099617
13811066031
18001151305
13811610471
18610362680
13381277655
13381277558
13381129010
13522021701
19910735255
19910735210
18911292067
18810925033
13811541913
15300157169
18911226526
18911292085
13381277568
13611248073
19910735218
13311518130
18810551513
18911292012
18382224674
18911292002
15201119274
18601033376
17710603797
13552262350
13681094049
13811872198
13681115091
13681207572
13911236861
13521394590
15901185057
15510629170
13501398052
18801250368
13611348293
13681094045
18513855159
13810706870
13693541975
13621284245
13683517799
13520314921
18513381589
15910806325
13810076535
13488700850
13716245137
15901358360
15711397940
13401022085
13910246980
15011287230
18201202692
15001004507
13811900292
13716349071
13716587640
17746513036
18810559286
13716048227
13810054129
13146913620
13811864950
13683691404
13521298973
15810568579
13691536507
17326925686
15110222352
18810598300
13810106874
13681417987
15832552223
15901016025
13661308786
15822871812
15810751629
13311198789
13522050130
13681050224
15901345833
13522963958
13621054826
18611383273
13811830874
13621351903
15652357275
18611340393
15210495328
15801089775
13911241413
18612855336
18910124916
15801340968
15101134056
15201352873
15101538854
15810606550
17601077856
15811538926
13581600735
18701053825
15210786890
15210069969
18810265570
17888802011
17731226338
13693572891
18201014338
13720052213
15001151556
13581693645
13488735189
13164233496
13661357891
15901438565
13671327421
13811152321
13716272726
18510003418
18701180721
13520955710
18910154110
13910319036
18101331776
18701383806
18810365268
15210613561
18513007417
15601348888
13811514353
13146386043
15801360599
13683639607
17316100607
18633336305
15311737797
15810216192
13683054873
13811417368
13911401056
13651354201
15117936896
13811237607
18611010373
13811242977
13810802243
13401085558
18511747686
13810090590
18612031015
13811954837
13693267068
13681103816
13911286216
13911556581
15810613757
13683344236
18611514617
13141223705
13601191449
18601163176
13692191577
13811650505
13611384372
13521795031
15010070116
13716381688
13671001199
13699258900
15910471651
13681091038
13031138079
13466614881
13716237600
15810009436
13651290707
13641399800
13810703588
13811891058
13717860083
15201695208
15810550010
13811109740
13691500980
18810318177
18610820963
15811530346
13716781157
15010908990
18701237916
18611556883
15811120257
13611094231
13716730158
18800183730
13641136005
18801126728
15910368200
15901212048
15652358520
13521133511
15210279793
13031151829
13701169437
13811914297
13520166130
13522957933
13520622635
13811665227
15117989017
13810725173
13621335187
13683391662
13691339887
13911388376
13671221836
18910728813
13439705268
18600234718
13681159069
13521882347
18500991099
13718318390
13910305639
13811393326
18601020192
13601097985
13910811630
13810047016
18310786388
15010293116
15011260370
13681035919
13581721874
13717776054
13051281680
13269370107
13810041353
13811532729
13717614223
15210717633
13146801819
15810225981
13621174989
18810613825
13811363434
13261501282
15210161323
13683209567
13910513069
18001318879
13811272840
13520390126
13810075968
13426098968
18612637973
13621272532
13601103861
ss1
qqwwee
Stut1_1
Stut1_2
Stut1_3
Stut1_4
Stut1_5
Stut1_6
Stut1_7
Stut1_8
Stut1_9
Stut1_10
Stut1_11
Stut1_12
Stut1_13
Stut1_14
Stut1_15
Stut1_16
Stut1_17
Stut1_18
Stut1_19
Stut1_20
Stut1_21
Stut1_22
Stut1_23
Stut1_24
Stut1_25
Stut1_26
Stut1_27
Stut1_28
Stut1_29
Stut1_30
Stut1_31
Stut1_32
Stut1_33
Stut1_34
Stut1_35
Stut1_36
Stut1_37
Stut1_38
Stut1_39
Stut1_40
Stut1_41
Stut1_42
Stut1_43
Stut1_44
Stut1_45
Stut1_46
Stut1_47
Stut1_48
Stut1_49
Stut1_50
Stut1_51
Stut1_52
Stut1_53
Stut1_54
Stut1_55
Stut1_56
Stut1_57
Stut1_58
Stut1_59
Stut1_60
Stut1_61
Stut1_62
Stut1_63
Stut1_64
Stut1_65
Stut1_66
Stut1_67
Stut1_68
Stut1_69
Stut1_70
Stut1_71
Stut1_72
Stut1_73
Stut1_74
Stut1_75
Stut1_76
Stut1_77
Stut1_78
Stut1_79
Stut1_80
Stut1_81
Stut1_82
Stut1_83
Stut1_84
Stut1_85
Stut1_86
Stut1_87
Stut1_88
Stut1_89
Stut1_90
Stut1_91
Stut1_92
Stut1_93
Stut1_94
Stut1_95
Stut1_96
Stut1_97
Stut1_98
Stut1_99
Stut1_100
Stut1_101
Stut1_102
Stut1_103
Stut1_104
Stut1_105
Stut1_106
Stut1_107
Stut1_108
Stut1_109
Stut1_110
Stut1_111
Stut1_112
Stut1_113
Stut1_114
Stut1_115
Stut1_116
Stut1_117
Stut1_118
Stut1_119
Stut1_120
Stut1_121
Stut1_122
Stut1_123
Stut1_124
Stut1_125
Stut1_126
Stut1_127
Stut1_128
Stut1_129
Stut1_130
Stut1_131
Stut1_132
Stut1_133
Stut1_134
Stut1_135
Stut1_136
Stut1_137
Stut1_138
Stut1_139
Stut1_140
Stut1_141
Stut1_142
Stut1_143
Stut1_144
Stut1_145
Stut1_146
Stut1_147
Stut1_148
Stut1_149
Stut1_150
Stut1_151
Stut1_152
Stut1_153
Stut1_154
Stut1_155
Stut1_156
Stut1_157
Stut1_158
Stut1_159
Stut1_160
Stut1_161
Stut1_162
Stut1_163
Stut1_164
Stut1_165
Stut1_166
Stut1_167
Stut1_168
Stut1_169
Stut1_170
Stut1_171
Stut1_172
Stut1_173
Stut1_174
Stut1_175
Stut1_176
Stut1_177
Stut1_178
Stut1_179
Stut1_180
Stut1_181
Stut1_182
Stut1_183
Stut1_184
Stut1_185
Stut1_186
Stut1_187
Stut1_188
Stut1_189
Stut1_190
Stut1_191
Stut1_192
Stut1_193
Stut1_194
Stut1_195
Stut1_196
Stut1_197
Stut1_198
Stut1_199
Stut1_200
Stut1_201
Stut1_202
Stut1_203
Stut1_204
Stut1_205
Stut1_206
Stut1_207
Stut1_208
Stut1_209
Stut1_210
Stut1_211
Stut1_212
Stut1_213
Stut1_214
Stut1_215
Stut1_216
Stut1_217
Stut1_218
Stut1_219
Stut1_220
Stut1_221
Stut1_222
Stut1_223
Stut1_224
Stut1_225
Stut1_226
Stut1_227
Stut1_228
Stut1_229
Stut1_230
Stut1_231
Stut1_232
Stut1_233
Stut1_234
Stut1_235
Stut1_236
Stut1_237
Stut1_238
Stut1_239
Stut1_240
Stut1_241
Stut1_242
Stut1_243
Stut1_244
Stut1_245
Stut1_246
Stut1_247
Stut1_248
Stut1_249
Stut1_250
Stut1_251
Stut1_252
Stut1_253
Stut1_254
Stut1_255
Stut1_256
Stut1_257
Stut1_258
Stut1_259
Stut1_260
Stut1_261
Stut1_262
Stut1_263
Stut1_264
Stut1_265
Stut1_266
Stut1_267
Stut1_268
Stut1_269
Stut1_270
Stut1_271
Stut1_272
Stut1_273
Stut1_274
Stut1_275
Stut1_276
Stut1_277
Stut1_278
Stut1_279
Stut1_280
Stut1_281
Stut1_282
Stut1_283
Stut1_284
Stut1_285
Stut1_286
Stut1_287
Stut1_288
Stut1_289
Stut1_290
Stut1_291
Stut1_292
Stut1_293
Stut1_294
Stut1_295
Stut1_296
Stut1_297
Stut1_298
Stut1_299
Stut1_300
Stut1_301
Stut1_302
Stut1_303
Stut1_304
Stut1_305
Stut1_306
Stut1_307
Stut1_308
Stut1_309
Stut1_310
Stut1_311
Stut1_312
Stut1_313
Stut1_314
Stut1_315
Stut1_316
Stut1_317
Stut1_318
Stut1_319
Stut1_320
Stut1_321
Stut1_322
Stut1_323
Stut1_324
Stut1_325
Stut1_326
Stut1_327
Stut1_328
Stut1_329
Stut1_330
Stut1_331
Stut1_332
Stut1_333
Stut1_334
Stut1_335
Stut1_336
Stut1_337
Stut1_338
Stut1_339
Stut1_340
Stut1_341
Stut1_342
Stut1_343
Stut1_344
Stut1_345
Stut1_346
Stut1_347
Stut1_348
Stut1_349
Stut1_350
Stut1_351
Stut1_352
Stut1_353
Stut1_354
Stut1_355
Stut1_356
Stut1_357
Stut1_358
Stut1_359
Stut1_360
Stut1_361
Stut1_362
Stut1_363
Stut1_364
Stut1_365
Stut1_366
Stut1_367
Stut1_368
Stut1_369
Stut1_370
Stut1_371
Stut1_372
Stut1_373
Stut1_374
Stut1_375
Stut1_376
Stut1_377
Stut1_378
Stut1_379
Stut1_380
Stut1_381
Stut1_382
Stut1_383
Stut1_384
Stut1_385
Stut1_386
Stut1_387
Stut1_388
Stut1_389
Stut1_390
Stut1_391
Stut1_392
Stut1_393
Stut1_394
Stut1_395
Stut1_396
Stut1_397
Stut1_398
Stut1_399
Stut1_400
Stut1_401
Stut1_402
Stut1_403
Stut1_404
Stut1_405
Stut1_406
Stut1_407
Stut1_408
Stut1_409
Stut1_410
Stut1_411
Stut1_412
Stut1_413
Stut1_414
Stut1_415
Stut1_416
Stut1_417
Stut1_418
Stut1_419
Stut1_420
Stut1_421
Stut1_422
Stut1_423
Stut1_424
Stut1_425
Stut1_426
Stut1_427
Stut1_428
Stut1_429
Stut1_430
Stut1_431
Stut1_432
Stut1_433
Stut1_434
Stut1_435
Stut1_436
Stut1_437
Stut1_438
Stut1_439
Stut1_440
Stut1_441
Stut1_442
Stut1_443
Stut1_444
Stut1_445
Stut1_446
Stut1_447
Stut1_448
Stut1_449
Stut1_450
Stut1_451
Stut1_452
Stut1_453
Stut1_454
Stut1_455
Stut1_456
Stut1_457
Stut1_458
Stut1_459
Stut1_460
Stut1_461
Stut1_462
Stut1_463
Stut1_464
Stut1_465
Stut1_466
Stut1_467
Stut1_468
Stut1_469
Stut1_470
Stut1_471
Stut1_472
Stut1_473
Stut1_474
Stut1_475
Stut1_476
Stut1_477
Stut1_478
Stut1_479
Stut1_480
Stut1_481
Stut1_482
Stut1_483
Stut1_484
Stut1_485
Stut1_486
Stut1_487
Stut1_488
Stut1_489
Stut1_490
Stut1_491
Stut1_492
Stut1_493
Stut1_494
Stut1_495
Stut1_496
Stut1_497
Stut1_498
Stut1_499
Stut1_500
Stut1_501
Stut1_502
Stut1_503
Stut1_504
Stut1_505
Stut1_506
Stut1_507
Stut1_508
Stut1_509
Stut1_510
Stut1_511
Stut1_512
Stut1_513
Stut1_514
Stut1_515
Stut1_516
Stut1_517
Stut1_518
Stut1_519
Stut1_520
Stut1_521
Stut1_522
Stut1_523
Stut1_524
Stut1_525
Stut1_526
Stut1_527
Stut1_528
Stut1_529
Stut1_530
Stut1_531
Stut1_532
Stut1_533
Stut1_534
Stut1_535
Stut1_536
Stut1_537
Stut1_538
Stut1_539
Stut1_540
Stut1_541
Stut1_542
Stut1_543
Stut1_544
Stut1_545
Stut1_546
Stut1_547
Stut1_548
Stut1_549
Stut1_550
Stut1_551
Stut1_552
Stut1_553
Stut1_554
Stut1_555
Stut1_556
Stut1_557
Stut1_558
Stut1_559
Stut1_560
Stut1_561
Stut1_562
Stut1_563
Stut1_564
Stut1_565
Stut1_566
Stut1_567
Stut1_568
Stut1_569
Stut1_570
Stut1_571
Stut1_572
Stut1_573
Stut1_574
Stut1_575
Stut1_576
Stut1_577
Stut1_578
Stut1_579
Stut1_580
Stut1_581
Stut1_582
Stut1_583
Stut1_584
Stut1_585
Stut1_586
Stut1_587
Stut1_588
Stut1_589
Stut1_590
Stut1_591
Stut1_592
Stut1_593
Stut1_594
Stut1_595
Stut1_596
Stut1_597
Stut1_598
Stut1_599
Stut1_600
Stut1_601
Stut1_602
Stut1_603
Stut1_604
Stut1_605
Stut1_606
Stut1_607
Stut1_608
Stut1_609
Stut1_610
Stut1_611
Stut1_612
Stut1_613
Stut1_614
Stut1_615
Stut1_616
Stut1_617
Stut1_618
Stut1_619
Stut1_620
Stut1_621
Stut1_622
Stut1_623
Stut1_624
Stut1_625
Stut1_626
Stut1_627
Stut1_628
Stut1_629
Stut1_630
Stut1_631
Stut1_632
Stut1_633
Stut1_634
Stut1_635
Stut1_636
Stut1_637
Stut1_638
Stut1_639
Stut1_640
Stut1_641
Stut1_642
Stut1_643
Stut1_644
Stut1_645
Stut1_646
Stut1_647
Stut1_648
Stut1_649
Stut1_650
Stut1_651
Stut1_652
Stut1_653
Stut1_654
Stut1_655
Stut1_656
Stut1_657
Stut1_658
Stut1_659
Stut1_660
Stut1_661
Stut1_662
Stut1_663
Stut1_664
Stut1_665
Stut1_666
Stut1_667
Stut1_668
Stut1_669
Stut1_670
Stut1_671
Stut1_672
Stut1_673
Stut1_674
Stut1_675
Stut1_676
Stut1_677
Stut1_678
Stut1_679
Stut1_680
Stut1_681
Stut1_682
Stut1_683
Stut1_684
Stut1_685
Stut1_686
Stut1_687
Stut1_688
Stut1_689
Stut1_690
Stut1_691
Stut1_692
Stut1_693
Stut1_694
Stut1_695
Stut1_696
Stut1_697
Stut1_698
Stut1_699
Stut1_700
Stut1_701
Stut1_702
Stut1_703
Stut1_704
Stut1_705
Stut1_706
Stut1_707
Stut1_708
Stut1_709
Stut1_710
Stut1_711
Stut1_712
Stut1_713
Stut1_714
Stut1_715
Stut1_716
Stut1_717
Stut1_718
Stut1_719
Stut1_720
Stut1_721
Stut1_722
Stut1_723
Stut1_724
Stut1_725
Stut1_726
Stut1_727
Stut1_728
Stut1_729
Stut1_730
Stut1_731
Stut1_732
Stut1_733
Stut1_734
Stut1_735
Stut1_736
Stut1_737
Stut1_738
Stut1_739
Stut1_740
Stut1_741
Stut1_742
Stut1_743
Stut1_744
Stut1_745
Stut1_746
Stut1_747
Stut1_748
Stut1_749
Stut1_750
Stut1_751
Stut1_752
Stut1_753
Stut1_754
Stut1_755
Stut1_756
Stut1_757
Stut1_758
Stut1_759
Stut1_760
Stut1_761
Stut1_762
Stut1_763
Stut1_764
Stut1_765
Stut1_766
Stut1_767
Stut1_768
Stut1_769
Stut1_770
Stut1_771
Stut1_772
Stut1_773
Stut1_774
Stut1_775
Stut1_776
Stut1_777
Stut1_778
Stut1_779
Stut1_780
Stut1_781
Stut1_782
Stut1_783
Stut1_784
Stut1_785
Stut1_786
Stut1_787
Stut1_788
Stut1_789
Stut1_790
Stut1_791
Stut1_792
Stut1_793
Stut1_794
Stut1_795
Stut1_796
Stut1_797
Stut1_798
Stut1_799
Stut1_800
Stut1_801
Stut1_802
Stut1_803
Stut1_804
Stut1_805
Stut1_806
Stut1_807
Stut1_808
Stut1_809
Stut1_810
Stut1_811
Stut1_812
Stut1_813
Stut1_814
Stut1_815
Stut1_816
Stut1_817
Stut1_818
Stut1_819
Stut1_820
Stut1_821
Stut1_822
Stut1_823
Stut1_824
Stut1_825
Stut1_826
Stut1_827
Stut1_828
Stut1_829
Stut1_830
Stut1_831
Stut1_832
Stut1_833
Stut1_834
Stut1_835
Stut1_836
Stut1_837
Stut1_838
Stut1_839
Stut1_840
Stut1_841
Stut1_842
Stut1_843
Stut1_844
Stut1_845
Stut1_846
Stut1_847
Stut1_848
Stut1_849
Stut1_850
Stut1_851
Stut1_852
Stut1_853
Stut1_854
Stut1_855
Stut1_856
Stut1_857
Stut1_858
Stut1_859
Stut1_860
Stut1_861
Stut1_862
Stut1_863
Stut1_864
Stut1_865
Stut1_866
Stut1_867
Stut1_868
Stut1_869
Stut1_870
Stut1_871
Stut1_872
Stut1_873
Stut1_874
Stut1_875
Stut1_876
Stut1_877
Stut1_878
Stut1_879
Stut1_880
Stut1_881
Stut1_882
Stut1_883
Stut1_884
Stut1_885
Stut1_886
Stut1_887
Stut1_888
Stut1_889
Stut1_890
Stut1_891
Stut1_892
Stut1_893
Stut1_894
stu_01
stu_02
stu_03
13880089600
13982118844
18980064531
13084451880
13388198931
18011436751
18380410130
15228905969
13980092318
13018284670
19983050720
13550304809
15228866026
15928168240
18113065265
13060060735
18202923865
13881827975
13880486016
13739460785
15828110611
13882168430
13683456857
18981897106
13678154700
18328569538
17708050080
18200400906
15828161745
13547815640
13882081783
15882460198
13568990472
13881831877
13699009107
13550172048
18980981698
13908208842
13880669151
15882397937
13518103369
15198209620
13980743824
13658067609
13982091986
18202812774
13881844467
13618095829
18080176787
18081103040
15802838324
13308057724
18980445467
13880780307
13086660211
13658024776
13881709627
13194987222
18982010733
13880739771
18200299016
13678130464
13308030712
15198281416
13688178722
13684001149
13550062269
13699059370
13808061339
15884465893
13008157212
18982208058
18910554837
13541235742
13980961581
13684004295
13881898770
13880721835
13438262561
13540090980
13880631878
13881790321
13688001083
15882060624
18084844617
13678008951
13308216349
13568855281
18200560376
13880881281
13882221815
13730852763
13678113389
13882256194
18208162655
15928755347
13708167518
13981800339
13688305138
13558816892
15882065208
18280039610
13908190416
15982052374
18682562565
15928027431
13688005537
18583940331
13982187201
13980545847
13689054563
15308219981
13981790351
15828261683
15196621093
15702844525
13981818470
13558739169
17713609863
13458634003
18280095467
13808043984
18084868943
17345798807
19982187188
18349271806
18613238907
17761312338
17381959125
17607180340
13699413260
13550139878
17828498456
15928558581
18980519199
13759909614
18010698409
13568941197
13880162977
18682551131
19983168106
18982104665
18289533517
13540611783
18845580868
13540066781
18123461011
15983307238
15502814581
18980908648
13980822020
18428338521
13980704910
17360155722
13699057156
13982296980
13708236153
13547991733
13982256965
13980545690
15508065160
19981228677
18981841206
18516566006
13618089190
13981839403
18040354507
13438495102
18710956575
15718065482
13550209317
15982347309
15708412474
13458605045
18200140429
13881886323
13666168099
13880822000
18108288716
13880087730
13408097675
18228004830
18980983629
17600881974
15928510557
13980002031
13550295315
13708045481
13881717954
18981895273
13518207510
13688491937
13880739720
13880596449
13550153428
17302859721
18583923627
13551391203
18728426830
19983184786
15928056612
19983295255
18108052009
15208335808
17381943376
13308080043
13658186311
15680969670
15756324949
15208103801
18208162855
13708047695
13438853599
13668235580
15928649151
13880890801
13982088517
13688367575
13608045036
13688112078
13668108965
13689091728
18380410061
13880922397
15208216134
18140210621
15208205324
18728482270
13981851294
13982114323
13060018952
13540378018
13730605645
13880406460
13880955613
13981967923
13568867894
13666182813
13540070595
13881868387
13036664090
13683415161
13111894522
13194880708
13880520139
18190750738
13608238595
18980817118
18202838889
17313062869
13880838999
13880419995
13881888222
13981749890
13340991059
13348816822
18010656561
13550373369
13378113091
18123368381
13547911871
13683417910
15008404946
18081060651
18782058658
18208105902
15982217921
15198020740
13880899765
13880087132
13668285909
13880242023
15308218485
18982186963
18980561987
13551231465
15183656681
13982233013
15828133132
13438110967
13699057209
15802862820
13880029523
18081093528
13540684977
13880206289
13689044123
13980723930
15390028463
13518186617
13980037794
13258325398
13982039875
15882409193
13558618703
13980625536
13730693236
13880148678
18608018359
18030494908
18349245918
13688071251
17323052031
15202836686
18980678587
13340969048
stu_04
stu_05
stu_06
13296500201
13297972483
13545356331
15872401940
13995933385
15629620007
15387196500
15586509008
17507259698
13871986510
15897914166
18986568285
15072817851
18772503730
13972719196
15098016073
15271627492
15971391268
15347161036
18972737263
13871995939
13607256102
13476577856
18071371095
15971390487
13114435474
18907230221
18995768818
15098005817
18271567000
18772380927
18696407507
18772388710
13635852958
13227392834
13972737834
13871986516
13907258061
13971712211
18171772990
13329956901
15672603678
13871999415
13972744142
18995768010
18186333769
15926705036
18972747877
13871983310
17707135234
15086712502
18062008572
17771387735
13367136119
13871980794
15071598806
18995768960
15307256633
13995948338
18272155106
15971409168
15971388936
15971385938
13871988600
13636091045
13409776873
15271617393
18995768896
13508659761
15072783982
18934622962
15807257957
15507252013
13409955580
15334149936
18186313999
13476607780
15971395811
18356524406
18772389737
15629699789
15971399096
15997398589
15997398808
13972737740
13971712330
18986555087
15208223711
15897910958
13409950263
18972754183
15171660135
15098013401
15971406516
15572365686
15629615866
13871983452
13871992568
13995921321
15271610646
15971392008
13469944123
15971380900
18154475110
18772512636
18971719665
18986548777
13871999758
15971386071
18186990618
13476588898
18972720047
18673396303
18772397227
18986533331
18986568393
13872034551
15671731865
13337401068
13476575016
18972718711
15997389996
15307255314
13986533558
13007126838
13636073906
18772513702
13972736865
13871950569
15072735600
18062893361
13872038895
18972743333
13807258583
19972580530
13636000346
18986555585
13607256652
18108680645
18972747825
15672620222
13995948088
13972741143
18607252227
15171636627
13971703334
13871987028
13871986364
13971702734
15807258360
18602783934
18986555017
18771627795
13227356560
13272674031
15997399997
15623245527
13409948378
13872034422
15586642971
18971700247
18772838303
18971746639
13409909386
15393393656
18907258940
13260611600
18942136983
15307256288
15927262311
18772828287
15927064566
13972736991
13986533264
13871993043
17786200132
18986533225
13177358188
18772397037
15672625603
15972836899
18972737291
13636070489
13972708670
18171766607
17762708808
13871980046
18772515706
13871999385
13986536440
15271625695
13971701077
13972718162
13986556272
15971409269
18671330598
13871992958
13409692278
13871993751
13871998545
13477612155
18972708750
13277408133
18671380727
18995768659
13636056396
18772515969
13971712326
13636062946
Student1_1
Student1_2
Student1_3
Student1_4
Student1_5
Student1_6
Student11_1
Student11_2
Student11_3
Student11_4
Student11_5
Student11_6
Student1_7
Student1_8
Student1_9
Student1_10
Student1_11
Student1_12
Student1_13
Student1_14
Student1_15
Student1_16
Student1_17
Student1_18
Student1_19
Student1_20
Student1_21
Student1_22
Student1_23
Student1_24
Student1_25
Student1_26
Student1_27
Student1_28
Student1_29
Student1_30
Student1_31
Student1_32
Student1_33
Student1_34
Student1_35
Student1_36
Student1_37
Student1_38
Student1_39
Student1_40
Student1_41
Student1_42
Student1_43
Student1_44
Student1_45
Student1_46
Student1_47
Student1_48
Student1_49
Student1_50
Student1_51
Student1_52
Student1_53
Student1_54
Student1_55
Student1_56
Student1_57
Student1_58
Student1_59
Student1_60
Student1_61
Student1_62
Student1_63
Student1_64
Student1_65
Student1_66
Student1_67
Student1_68
Student1_69
Student1_70
Student1_71
Student1_72
Student1_73
Student1_74
Student1_75
Student1_76
Student1_77
Student1_78
Student1_79
Student1_80
Student1_81
Student1_82
Student1_83
Student1_84
Student1_85
Student1_86
Student1_87
Student1_88
Student1_89
Student1_90
Student1_91
Student1_92
Student1_93
Student1_94
Student1_95
Student1_96
Student1_97
Student1_98
Student1_99
Student1_100
Student1_101
Student1_102
Student1_103
Student1_104
Student1_105
Student1_106
Student1_107
Student1_108
Student1_109
Student1_110
Student1_111
Student1_112
Student1_113
Student1_114
Student1_115
Student1_116
Student1_117
Student1_118
Student1_119
Student1_120
Student1_121
Student1_122
Student1_123
Student1_124
Student1_125
Student1_126
Student1_127
Student1_128
Student1_129
Student1_130
Student1_131
Student1_132
Student1_133
Student1_134
Student1_135
Student1_136
Student1_137
Student1_138
Student1_139
Student1_140
Student1_141
Student1_142
Student1_143
Student1_144
Student1_145
Student1_146
Student1_147
Student1_148
Student1_149
Student1_150
Student1_151
Student1_152
Student1_153
Student1_154
Student1_155
Student1_156
Student1_157
Student1_158
Student1_159
Student1_160
Student1_161
Student1_162
Student1_163
Student1_164
Student1_165
Student1_166
Student1_167
Student1_168
Student1_169
Student1_170
Student1_171
Student1_172
Student1_173
Student1_174
Student1_175
Student1_176
Student1_177
Student1_178
Student1_179
Student1_180
Student1_181
Student1_182
Student1_183
Student1_184
Student1_185
Student1_186
Student1_187
Student1_188
Student1_189
Student1_190
Student1_191
Student1_192
Student1_193
Student1_194
Student1_195
Student1_196
Student1_197
Student1_198
Student1_199
Student1_200
Student1_201
Student1_202
Student1_203
Student1_204
Student1_205
Student1_206
Student1_207
Student1_208
Student1_209
Student1_210
Student1_211
Student1_212
Student1_213
Student1_214
Student1_215
Student1_216
Student1_217
Student1_218
Student1_219
Student1_220
Student1_221
Student1_222
Student1_223
Student1_224
Student1_225
Student1_226
Student1_227
Student1_228
Student1_229
Student1_230
Student1_231
Student1_232
Student1_233
Student1_234
Student1_235
Student1_236
Student1_237
Student1_238
Student1_239
Student1_240
Student1_241
Student1_242
Student1_243
Student1_244
Student1_245
Student1_246
Student1_247
Student1_248
Student1_249
Student1_250
Student1_251
Student1_252
Student1_253
Student1_254
Student1_255
Student1_256
Student1_257
Student1_258
Student1_259
Student1_260
Student1_261
Student1_262
Student1_263
Student1_264
Student1_265
Student1_266
Student1_267
Student1_268
Student1_269
Student1_270
Student1_271
Student1_272
Student1_273
Student1_274
Student1_275
Student1_276
Student1_277
Student1_278
Student1_279
Student1_280
Student1_281
Student1_282
Student1_283
Student1_284
Student1_285
Student1_286
Student1_287
Student1_288
Student1_289
Student1_290
Student1_291
Student1_292
Student1_293
Student1_294
Student1_295
Student1_296
Student1_297
Student1_298
Student1_299
Student1_300
Student1_301
Student1_302
Student1_303
Student1_304
Student1_305
Student1_306
Student1_307
Student1_308
Student1_309
Student1_310
Student1_311
Student1_312
Student1_313
Student1_314
Student1_315
Student1_316
Student1_317
Student1_318
Student1_319
Student1_320
Student1_321
Student1_322
Student1_323
Student1_324
Student1_325
Student1_326
Student1_327
Student1_328
Student1_329
Student1_330
Student1_331
Student1_332
Student1_333
Student1_334
Student1_335
Student1_336
Student1_337
Student1_338
Student1_339
Student1_340
Student1_341
Student1_342
Student1_343
Student1_344
Student1_345
Student1_346
Student1_347
Student1_348
Student1_349
Student1_350
Student1_351
Student1_352
Student1_353
Student1_354
Student1_355
Student1_356
Student1_357
Student1_358
Student1_359
Student1_360
Student1_361
Student1_362
Student1_363
Student1_364
Student1_365
Student1_366
Student1_367
Student1_368
Student1_369
Student1_370
Student1_371
Student1_372
Student1_373
Student1_374
Student1_375
Student1_376
Student1_377
Student1_378
Student1_379
Student1_380
Student1_381
Student1_382
Student1_383
Student1_384
Student1_385
Student1_386
Student1_387
Student1_388
Student1_389
Student1_390
Student1_391
Student1_392
Student1_393
Student1_394
Student1_395
Student1_396
Student1_397
Student1_398
Student1_399
Student1_400
Student1_401
Student1_402
Student1_403
Student1_404
Student1_405
Student1_406
Student1_407
Student1_408
Student1_409
Student1_410
Student1_411
Student1_412
Student1_413
Student1_414
Student1_415
Student1_416
Student1_417
Student1_418
Student1_419
Student1_420
Student1_421
Student1_422
Student1_423
Student1_424
Student1_425
Student1_426
Student1_427
Student1_428
Student1_429
Student1_430
Student1_431
Student1_432
Student1_433
Student1_434
Student1_435
Student1_436
Student1_437
Student1_438
Student1_439
Student1_440
Student1_441
Student1_442
Student1_443
Student1_444
Student1_445
Student1_446
Student1_447
Student1_448
Student1_449
Student1_450
Student1_451
Student1_452
Student1_453
Student1_454
Student1_455
Student1_456
Student1_457
Student1_458
Student1_459
Student1_460
Student1_461
Student1_462
Student1_463
Student1_464
Student1_465
Student1_466
Student1_467
Student1_468
Student1_469
Student1_470
Student1_471
Student1_472
Student1_473
Student1_474
Student1_475
Student1_476
Student1_477
Student1_478
Student1_479
Student1_480
Student1_481
Student1_482
Student1_483
Student1_484
Student1_485
Student1_486
Student1_487
Student1_488
Student1_489
Student1_490
Student1_491
Student1_492
Student1_493
Student1_494
Student1_495
Student1_496
Student1_497
Student1_498
Student1_499
Student1_500
Student1_501
Student1_502
Student1_503
Student1_504
Student1_505
Student1_506
Student1_507
Student1_508
Student1_509
Student1_510
Student1_511
Student1_512
Student1_513
Student1_514
Student1_515
Student1_516
Student1_517
Student1_518
Student1_519
Student1_520
Student1_521
Student1_522
Student1_523
Student1_524
Student1_525
Student1_526
Student1_527
Student1_528
Student1_529
Student1_530
Student1_531
Student1_532
Student1_533
Student1_534
Student1_535
Student1_536
Student1_537
Student1_538
Student1_539
Student1_540
Student1_541
Student1_542
Student1_543
Student1_544
Student1_545
Student1_546
Student1_547
Student1_548
Student1_549
Student1_550
Student1_551
Student1_552
Student1_553
Student1_554
Student1_555
Student1_556
Student1_557
Student1_558
Student1_559
Student1_560
Student1_561
Student1_562
Student1_563
Student1_564
Student1_565
Student1_566
Student1_567
Student1_568
Student1_569
Student1_570
Student1_571
Student1_572
Student1_573
Student1_574
Student1_575
Student1_576
Student1_577
Student1_578
Student1_579
Student1_580
Student1_581
Student1_582
Student1_583
Student1_584
Student1_585
Student1_586
Student1_587
Student1_588
Student1_589
Student1_590
Student1_591
Student1_592
Student1_593
Student1_594
Student1_595
Student1_596
Student1_597
Student1_598
Student1_599
Student1_600
Student1_601
Student1_602
Student1_603
Student1_604
Student1_605
Student1_606
Student1_607
Student1_608
Student1_609
Student1_610
Student1_611
Student1_612
Student1_613
Student1_614
Student1_615
Student1_616
Student1_617
Student1_618
Student1_619
Student1_620
Student1_621
Student1_622
Student1_623
Student1_624
Student1_625
Student1_626
Student1_627
Student1_628
Student1_629
Student1_630
Student1_631
Student1_632
Student1_633
Student1_634
Student1_635
Student1_636
Student1_637
Student1_638
Student1_639
Student1_640
Student1_641
Student1_642
Student1_643
Student1_644
Student1_645
Student1_646
Student1_647
Student1_648
Student1_649
Student1_650
Student1_651
Student1_652
Student1_653
Student1_654
Student1_655
Student1_656
Student1_657
Student1_658
Student1_659
Student1_660
Student1_661
Student1_662
Student1_663
Student1_664
Student1_665
Student1_666
Student1_667
Student1_668
Student1_669
Student1_670
Student1_671
Student1_672
Student1_673
Student1_674
Student1_675
Student1_676
Student1_677
Student1_678
Student1_679
Student1_680
Student1_681
Student1_682
Student1_683
Student1_684
Student1_685
Student1_686
Student1_687
Student1_688
Student1_689
Student1_690
Student1_691
Student1_692
Student1_693
Student1_694
Student1_695
Student1_696
Student1_697
Student1_698
Student1_699
Student1_700
Student1_701
Student1_702
Student1_703
Student1_704
Student1_705
Student1_706
Student1_707
Student1_708
Student1_709
Student1_710
Student1_711
Student1_712
Student1_713
Student1_714
Student1_715
Student1_716
Student1_717
Student1_718
Student1_719
Student1_720
Student1_721
Student1_722
Student1_723
Student1_724
Student1_725
Student1_726
Student1_727
Student1_728
Student1_729
Student1_730
Student1_731
Student1_732
Student1_733
Student1_734
Student1_735
Student1_736
Student1_737
Student1_738
Student1_739
Student1_740
Student1_741
Student1_742
Student1_743
Student1_744
Student1_745
Student1_746
Student1_747
Student1_748
Student1_749
Student1_750
Student1_751
Student1_752
Student1_753
Student1_754
Student1_755
Student1_756
Student1_757
Student1_758
Student1_759
Student1_760
Student1_761
Student1_762
Student1_763
Student1_764
Student1_765
Student1_766
Student1_767
Student1_768
Student1_769
Student1_770
Student1_771
Student1_772
Student1_773
Student1_774
Student1_775
Student1_776
Student1_777
Student1_778
Student1_779
Student1_780
Student1_781
Student1_782
Student1_783
Student1_784
Student1_785
Student1_786
Student1_787
Student1_788
Student1_789
Student1_790
Student1_791
Student1_792
Student1_793
Student1_794
Student1_795
Student1_796
Student1_797
Student1_798
Student1_799
Student1_800
Student1_801
Student1_802
Student1_803
Student1_804
Student1_805
Student1_806
Student1_807
Student1_808
Student1_809
Student1_810
Student1_811
Student1_812
Student1_813
Student1_814
Student1_815
Student1_816
Student1_817
Student1_818
Student1_819
Student1_820
Student1_821
Student1_822
Student1_823
Student1_824
Student1_825
Student1_826
Student1_827
Student1_828
Student1_829
Student1_830
Student1_831
Student1_832
Student1_833
Student1_834
Student1_835
Student1_836
Student1_837
Student1_838
Student1_839
Student1_840
Student1_841
Student1_842
Student1_843
Student1_844
Student1_845
Student1_846
Student1_847
Student1_848
Student1_849
Student1_850
Student1_851
Student1_852
Student1_853
Student1_854
Student1_855
Student1_856
Student1_857
Student1_858
Student1_859
Student1_860
Student1_861
Student1_862
Student1_863
Student1_864
Student1_865
Student1_866
Student1_867
Student1_868
Student1_869
Student1_870
Student1_871
Student1_872
Student1_873
Student1_874
Student1_875
Student1_876
Student1_877
Student1_878
Student1_879
Student1_880
Student1_881
Student1_882
Student1_883
Student1_884
Student1_885
Student1_886
Student1_887
Student1_888
Student1_889
Student1_890
Student1_891
Student1_892
Student1_893
Student1_894
Student1_895
Student1_896
Student1_897
Student1_898
Student1_899
Student1_900
Student1_901
Student1_902
Student1_903
Student1_904
Student1_905
Student1_906
Student1_907
Student1_908
Student1_909
Student1_910
Student1_911
Student1_912
Student1_913
Student1_914
Student1_915
Student1_916
Student1_917
Student1_918
Student1_919
Student1_920
Student1_921
Student1_922
Student1_923
Student1_924
Student1_925
Student1_926
Student1_927
Student1_928
Student1_929
Student1_930
Student1_931
Student1_932
Student1_933
Student1_934
Student1_935
Student1_936
Student1_937
Student1_938
Student1_939
Student1_940
Student1_941
Student1_942
Student1_943
Student1_944
Student1_945
Student1_946
Student1_947
Student1_948
Student1_949
Student1_950
Student1_951
Student1_952
Student1_953
Student1_954
Student1_955
Student1_956
Student1_957
Student1_958
Student1_959
Student1_960
Student1_961
Student1_962
Student1_963
Student1_964
Student1_965
Student1_966
Student1_967
Student1_968
Student1_969
Student1_970
Student1_971
Student1_972
Student1_973
Student1_974
Student1_975
Student1_976
Student1_977
Student1_978
Student1_979
Student1_980
Student1_981
Student1_982
Student1_983
Student1_984
Student1_985
Student1_986
Student1_987
Student1_988
Student1_989
Student1_990
Student1_991
Student1_992
Student1_993
Student1_994
Student1_995
Student1_996
Student1_997
Student1_998
Student1_999
Student1_1000
13584561612
18362286968
13776813317
13914320223
13775195539
15261172089
13775134893
15851938983
15895083989
13775178812
15005156636
13801500117
13100222788
13961237638
13815018636
13861035669
17834590630
18951828091
13701508313
13656112155
13063951829
13961420343
18068780933
13861226323
13961478359
13814769747
15961178992
13601503783
13915029163
13656128561
13861172758
13961252639
18915834865
13861029403
13401369876
13685211126
13861235521
13775182706
13706145735
13861015573
13775016942
15995076523
15895074955
13861010173
17625223136
18762883499
15161153361
15961292936
13915072793
15961206359
13921041645
13861283930
15189736117
13775000886
15161676164
15861333830
13951055978
13773564113
15861333298
13626118567
15861333198
18012142200
15861333689
18252719331
13511758659
15195564328
15861333099
18252787659
13952758432
15861333853
13952759201
15852878058
15050784282
15861333218
15152749191
15861333728
18762320741
13773510722
13645259653
18752526468
15861333530
18252786961
13852575341
15062809566
15861333628
19850500873
15861333841
18361313690
18796645704
15861333865
15861333850
15861333268
13665277626
15861333982
13921905752
18852517701
13852590023
15152786577
13665267761
15861333695
15861333719
15861360110
15861333836
13852503342
15861341496
15205278960
15705279586
15852879369
15705279687
15861377518
15152470071
18860859187
13951600237
13665272412
13773599625
15861333700
15161889465
15952729094
15861333690
15724816082
15952706796
15205279015
15952799063
15205278992
15861333523
15861333008
15861333506
13813188463
15861333951
18101449533
15861333526
19850500836
15861333906
15861333716
15052522709
18552578681
15861333852
15205279738
15052515818
15852885388
15861333923
15861333539
15189878268
13605273342
18061702789
19962031073
18951988616
13813883392
13913824706
13851568736
17625901347
17702507591
17766098812
18112971609
15850685272
17384437979
15062859751
15996322966
13222796815
19972867771
15951939443
13851813789
18061702775
18549852375
18951989185
15050532533
18651657476
18114718634
15161489238
13951800827
13814008759
18951988749
13611506610
18951988772
17366001420
12675101295
13776668387
13815874558
18951988612
15189823394
13851490827
15524823088
18951989951
15295556858
18951988218
18061749477
18951989058
13801598517
18751991244
15951746767
18851148487
13951087635
15195910856
13770835379
13621584787
15852918135
18105703600
18061702810
18061702752
15850776545
18951989127
13912978543
18154063557
17701582729
18951988700
18951989008
18951989133
18951989158
19962018826
15951928310
13770730512
13451827556
18951988369
18351805592
15951819311
15601595309
13813385848
13851663219
18602546712
18351936588
18951988189
13813870856
13814045709
18651630856
13851878704
18951778515
15150593868
15365109512
18951626198
15150659562
18255324355
13952851958
18252582977
18762320278
18362890384
15706176672
15050858559
17805012356
17712275750
18262886710
15152096720
15705182958
13905281517
17715229520
18262880056
18252584842
15240279784
18796015892
15706175736
18910281417
15706176119
15862984485
17805010876
18361810846
18262887521
15162977538
13615285672
15706176635
18959201126
15706176652
15162970117
15706176285
18706108366
18361811601
18012839622
15051143390
15706176233
18252580900
17805019889
15252984202
easy_edu_zbl