12675101295
13003803182
13007126838
13008157212
13018284670
13036367800
13036664090
13055250260
13060018952
13060060735
13063951829
13075851999
13084451880
13086660211
13094582357
13094589790
13100222788
13108981102
13110777949
13111894522
13114435474
13177358188
13194880708
13194895118
13194987222
13206107004
13222796815
13227356560
13227392834
13228662132
13235904088
13258325398
13260611600
13272674031
13272805334
13277408133
13296500201
13297972483
13306902732
13308030712
13308057724
13308080043
13308205460
13308216349
13309094501
13313717180
13313760190
13313783360
13314914925
13320660259
13328215366
13328216927
13328698105
13329956901
13330239250
13337401068
13340969048
13340991059
13348810846
13348816822
13358212027
13367136119
13368118039
13368132001
13372661624
13372684062
13378113091
13378289977
13388198931
13395900010
13400506985
13400554808
13401369876
13401566762
13405927024
13405952248
13408097675
13408212868
13408527677
13409692278
13409776873
13409909386
13409948378
13409950263
13409955580
13419242906
13419259727
13419289833
13436015710
13438110967
13438262561
13438322696
13438495102
13438853599
13451827556
13452991108
13458476165
13458605045
13458634003
13459476192
13469944123
13476575016
13476577856
13476588898
13476607780
13477612155
13488904401
13489033629
13489962213
13506970320
13506987438
13506988841
13508181287
13508181305
13508182311
13508659761
13509328671
13509394830
13509403071
13511758659
13518103369
13518186617
13518207510
13527492282
13527556008
13540066781
13540070595
13540090980
13540378018
13540611783
13540684977
13541235742
13541396795
13541408653
13545356331
13547815640
13547911871
13547991733
13550062269
13550139878
13550153428
13550172048
13550209317
13550295315
13550304809
13550358742
13550365394
13550373369
13550724675
13550726667
13550738565
13550744980
13551231465
13551391203
13558618703
13558739169
13558816892
13559112508
13559129603
13559171298
13559461691
13559958420
13568081770
13568083321
13568085263
13568088008
13568088031
13568088855
13568092173
13568097882
13568106753
13568434521
13568562801
13568565657
13568707461
13568855281
13568867894
13568941197
13568990472
13584561612
13594169654
13599072530
13599079213
13599428011
13600800767
13600805911
13600824462
13600839871
13600853261
13600871167
13600885010
13601322748
13601323721
13601503783
13605273342
13607256102
13607256652
13608045036
13608238595
13608290909
13608292131
13609563612
13611032166
13611506610
13615035223
13615285672
13616071896
13618089190
13618095829
13618274458
13621584787
13626118567
13627663080
13627699291
13629037186
13635304823
13635485632
13635852958
13636000346
13636056396
13636062946
13636070489
13636073906
13636091045
13637867789
13638361033
13645259653
13648324836
13649037114
13650523805
13655033003
13655096191
13656112155
13656128561
13658024776
13658067609
13658186311
13658366729
13659032419
13659036504
13659037454
13665028108
13665032113
13665060595
13665067119
13665267761
13665272412
13665277626
13666168099
13666182813
13666236645
13668108965
13668235580
13668285909
13668366286
13675042386
13678008951
13678113389
13678130464
13678154700
13678313581
13678317251
13683415161
13683417910
13683456857
13684001149
13684004295
13684152634
13684179199
13685001679
13685211126
13688001083
13688005537
13688071251
13688112078
13688113931
13688178722
13688185837
13688280666
13688291872
13688295688
13688305138
13688367575
13688491937
13689044123
13689054563
13689091728
13693416495
13696831593
13696892092
13699009107
13699057156
13699057209
13699059370
13699413260
13701508313
13705011584
13705037154
13705057421
13705060543
13705066982
13705070656
13705080084
13705080466
13705087509
13705092932
13705947732
13705955708
13705985261
13706145735
13706958276
13706960930
13706988949
13708045481
13708046620
13708047695
13708167518
13708236153
13708249936
13708290888
13720833523
13730605645
13730693236
13730741540
13730748199
13730748979
13730852763
13739460785
13759909614
13763801376
13763809002
13763809094
13763860657
13770730512
13770835379
13773510722
13773564113
13773599625
13775000886
13775016942
13775134893
13775178812
13775182706
13775195539
13776668387
13776813317
13778903789
13778905550
13778908784
13778924160
13778938333
13778959123
13778965699
13795805691
13795822750
13795832212
13795839756
13795922344
13799309335
13799309893
13799325226
13799327207
13799381988
13799950003
13801500117
13801598517
13805000767
13805022649
13805081599
13806200789
13807258583
13808043984
13808061339
13808291826
13809508999
13809554297
13813188463
13813385848
13813870856
13813883392
13814008759
13814045709
13814769747
13815018636
13815874558
13850112073
13850113072
13850138583
13850156949
13850176470
13850199201
13850636518
13850903291
13851490827
13851568736
13851663219
13851813789
13851878704
13852503342
13852575341
13852590023
13859081161
13859083159
13859089797
13860612507
13860613040
13860623163
13860661169
13860662910
13861010173
13861015573
13861029403
13861035669
13861172758
13861226323
13861235221
13861283930
13871950569
13871980046
13871980794
13871983310
13871983452
13871986364
13871986510
13871986516
13871987028
13871988600
13871992568
13871992958
13871993043
13871993751
13871995939
13871998545
13871999385
13871999415
13871999758
13872034422
13872034551
13872038895
13880029523
13880087132
13880087730
13880089600
13880148678
13880162977
13880206289
13880242023
13880406460
13880419995
13880486016
13880493169
13880520139
13880596449
13880631878
13880643589
13880669151
13880721835
13880739720
13880739771
13880780307
13880822000
13880826128
13880838999
13880881281
13880890801
13880899765
13880922397
13880955613
13881709627
13881717954
13881790321
13881827975
13881831877
13881844467
13881864307
13881868387
13881886323
13881888222
13881894640
13881898770
13882012253
13882081783
13882168430
13882191033
13882221815
13882256194
13883018744
13883607585
13890901382
13890908280
13890937170
13890938159
13890970915
13890975423
13890980140
13890981800
13890984370
13890987092
13896084519
13896139035
13896146508
13901123062
13905016012
13905016322
13905281517
13905924608
13906121571
13906919254
13906928006
13906929128
13907258061
13908190416
13908208842
13909090303
13909096336
1391091007
13912978543
13913824706
13914320223
13915029163
13915072793
13921041645
13921905752
13950200988
13950291895
13950311214
13950316814
13950397767
13950402697
13950410845
13951055978
13951087635
13951600237
13951800827
13952336036
13952758432
13952759201
13952851958
13959110128
13959138091
13959140343
13959180553
13959189581
13959191500
13960704494
13960706409
13960768350
13960850372
13960908576
13960909190
13960909572
13960925308
13960941199
13961237638
13961252639
13961420343
13961478359
13971701077
13971702734
13971703334
13971712211
13971712326
13971712330
13972708670
13972718162
13972719196
13972736865
13972736991
13972737740
13972737834
13972741143
13972744142
13980002031
13980037794
13980092318
13980470668
13980545690
13980545847
13980625536
13980704910
13980723930
13980743824
13980758362
13980822020
13980961581
13981749890
13981790351
13981800339
13981818470
13981839403
13981851294
13981967923
13982039875
13982088517
13982091986
13982114323
13982118844
13982187201
13982233013
13982256965
13982296980
13983262275
13983264011
13983294326
13983298798
13983350501
13983394219
13983713979
13983894961
13983996966
13985595110
13986533264
13986533558
13986536440
13986556272
13990908726
13990909226
13990912689
13990925227
13990928632
13990929201
13990929506
13990942300
13990943691
13990955279
13990955328
13990961347
13990962830
13990964659
13990978281
13990985228
13990994784
13990999988
13995921321
13995933385
13995948088
13995948338
13996066536
13996363523
14780803885
15002359271
15005156636
15005973230
15008272904
15008404946
15050532533
15050784282
15050858559
15051143390
15052515818
15052522709
15060016926
15060017056
15060121169
15060139173
15060199305
15060676669
15062809566
15062859751
15071598806
15072735600
15072783982
15072817851
15080452812
15080454482
15080465004
15080467046
15086712502
15098005817
15098013401
15098016073
15111974990
15150593868
15150659562
15152096720
15152470071
15152749191
15152786577
15161153361
15161489238
15161676164
15161889465
15162970117
15162977538
15171636627
15171660135
15179805580
15181112714
15181162887
15181490247
15183198500
15183656681
15184331275
15189736117
15189823394
15189878268
15195564328
15195910856
15196621093
15196967567
15198020740
15198209620
15198281416
15201168101
15202836686
15202862709
15205078152
15205278960
15205278992
15205279015
15205279738
15208103801
15208205324
15208206339
15208216134
15208223711
15208335808
15215003115
15215156255
15215156379
15215197818
15228866026
15228905969
15240279784
15252984202
15261172089
15271610646
15271617393
15271625695
15271627492
15280029006
15280065665
15280427448
15281447638
15283110913
15283111612
15283113039
15283126312
15283147704
15283160981
15283162603
15283549071
15283557657
15283635035
15283668556
15284169390
15295556858
15298185707
15307255314
15307256288
15307256633
15308006278
15308218485
15308219981
15308321886
15308333886
15309096228
15310401743
15310488715
15320299551
15320572481
15328186817
15328827531
15334149936
15340533776
15347161036
15351365869
15359122186
15365109512
15377278166
15387196500
15388328866
15390028463
15390418189
15392493994
15392494047
15393393656
15396062508
15502814581
15507252013
15508065160
15524823088
15528266500
15528354985
15572365686
15586509008
15586642971
15601560789
15601595309
15606026208
15606026781
15608316520
15608355602
15623245527
15629615866
15629620007
15629699789
15659977570
15671731865
15672603678
15672620222
15672625603
15680416541
15680818006
15680969670
15683053793
15683159740
15683290703
15696098608
15702844525
15705182958
15705279586
15705279687
15705905351
15705912329
15705938671
15705962096
15705962115
15705962122
15706175736
15706176119
15706176233
15706176285
15706176635
15706176652
15706176672
15708412474
15708450240
15718065482
15723353814
15724816082
15730210315
15735911150
15750802910
15750820697
15756244722
15756324949
15759191877
15775907391
15775911863
15775970268
15775975055
15775999960
15802838324
15802862820
15802896737
15806011141
15806016327
15806033327
15806033731
15807257957
15807258360
15808460022
15810132699
15826167435
15826179300
15828110611
15828133132
15828161745
15828261683
15850685272
15850776545
15851938983
15852878058
15852879369
15852885388
15852918135
15859083394
15859198653
15860283236
15861333008
15861333099
15861333198
15861333218
15861333268
15861333298
15861333506
15861333523
15861333526
15861333530
15861333539
15861333628
15861333689
15861333690
15861333695
15861333700
15861333716
15861333719
15861333728
15861333830
15861333836
15861333841
15861333850
15861333852
15861333853
15861333865
15861333906
15861333923
15861333951
15861333982
15861341496
15861360110
15861377518
15862984485
15872401940
15880015222
15880073236
15880078077
15880198764
15881355181
15881376195
15881383374
15881393235
15882060624
15882065208
15882260313
15882397937
15882409193
15882460198
15883101335
15883122366
15883127958
15883164205
15884465893
15884774962
15892521108
15892524418
15892529729
15892558280
15895074955
15895083989
15897910958
15897914166
15899291680
15902310592
15902359761
15902399966
15908120822
15908291940
15908395955
15922928837
15922997365
15923255742
15923344916
15926705036
15927064566
15927262311
15928027431
15928056612
15928168240
15928322880
15928326922
15928510557
15928558581
15928649151
15928755347
15951746767
15951819311
15951822669
15951928310
15951939443
15952706796
15952729094
15952799063
15959001508
15959068981
15959068986
15959083952
15959090700
15959092360
15959138200
15959153243
15960107023
15961178992
15961206359
15961292936
15971380900
15971385938
15971386071
15971388936
15971390487
15971391268
15971392008
15971395811
15971399096
15971406516
15971409168
15971409269
15972836899
15980202876
15980292719
15980640096
15980650776
15980738167
15982004440
15982052374
15982217921
15982347309
15983110587
15983111958
15983307238
15984466679
15995076523
15996322966
15997389996
15997398589
15997398808
15997399997
17302310892
17302859721
17313062869
17321981201
17323052031
17340167602
17340348687
17345798807
17346401582
17347894016
17347894121
17360145573
17360155722
17366001420
17381943376
17381959125
17384437979
17388203685
17388243976
17507259698
17600881974
17605021101
17607180340
17625223136
17625901347
17701582729
17702507591
17702837295
17702851224
17705900255
17707135234
17708050080
17712275750
17713609863
17713640916
17713858201
17715229520
17721887107
17723694433
17759471105
17761211679
17761312338
17762708808
17766098812
17771387735
17781671057
17783921799
17784412391
17786200132
17805010876
17805012356
17805019889
17805918858
17828498456
17828830190
17834590630
18002331980
18005014465
18008100682
18008118107
18008363631
18010656561
18010664869
18010698409
18011436751
18011511561
18012142200
18012839622
18016179795
18020769838
18030494908
18030810611
18030830064
18040354507
18046105093
18050056937
18059001084
18059061133
18059103335
18059108691
18059145049
18059146936
18060479520
18061702752
18061702775
18061702789
18061702810
18061749477
18062008572
18062893361
18065142681
18068780933
18071371095
18080176787
18080858555
18081002176
18081060651
18081093528
18081103040
18081362521
18081370600
18081817770
18081911299
18084032634
18084844617
18084868943
18096228773
18101449533
18105013638
18105016176
18105017256
18105703600
18105919515
18108052009
18108288716
18108680645
18111477033
18111483018
18112971609
18113065262
18113180878
18114718634
18117832886
18120953819
18123368381
18123368960
18123461011
18140203319
18140210621
18149540907
18149560586
18154063557
18154475110
18161105505
18171766607
18171772990
18180734871
18181665828
18186313999
18186333769
18186990618
18190750738
18190926697
18200140429
18200299016
18200390385
18200400906
18200408281
18200560376
18202812774
18202817983
18202838889
18202923865
18208105902
18208162655
18208162855
18208216481
18208232566
18208232568
18208234577
18208246565
18208256738
18208280533
18208293075
18215519368
18215628672
18224215903
18224225725
18224263484
18224471635
18227382305
18227602962
18228004830
18250157648
18252580900
18252582977
18252584842
18252719331
18252786961
18252787659
18255324355
18259056975
18259068186
18259073773
18262880056
18262886710
18262887521
18271567000
18272155106
18280039610
18280053461
18280095467
18283149783
18283169533
18283169535
18283195125
18283582962
18289533517
18305969517
18305995359
18305996315
18306076878
18308122077
18308143573
18308180828
18311231539
18316614427
18323856336
18328512341
18328569538
18344970117
18349245918
18349271806
18350044505
18351805592
18351936588
18356524406
18359103817
18359104859
18359160700
18361313690
18361810846
18361811601
18362286968
18362890384
18380110688
18380410061
18380410130
18380805180
18380868069
18380881323
18383130724
18383176392
18383189523
18408209640
18408291275
18426139347
18428338521
18483155531
18508312288
18516566006
18523130370
18549852375
18552578681
18559880926
18559889619
18559919333
18559971023
18577362821
18581007730
18583100601
18583923627
18583940331
18602385729
18602546712
18602783934
18605089087
18606060721
18607252227
18608009644
18608018359
18608291153
18611373355
18613238907
18615725819
18618195936
18621951199
18623348007
18623425116
18623452787
18650086402
18650305919
18650346661
18650349740
18650359896
18650458720
18650778385
18651630856
18651657476
18659100003
18671330598
18671380727
18673396303
18682551131
18682562565
18683111908
18683113353
18684082678
18696407507
18696661036
18705055885
18706108366
18710956575
18716186466
18716204202
18723122707
18728158249
18728426830
18728482270
18750939769
18751991244
18752526468
18762320278
18762320741
18762883499
18771627795
18772380927
18772388710
18772389737
18772397037
18772397227
18772503730
18772512636
18772513702
18772515706
18772515969
18772828287
18772838303
18780107377
18780640817
18780663511
18780685679
18780686244
18780686525
18780686690
18782058658
18782061361
18782921696
18783178307
18783180627
18784626073
18796015892
18796645704
18805022939
18845580868
18850371775
18850411566
18850421990
18850939377
18851148487
18852517701
18859109692
18860859187
18875241202
18881930186
18881958866
18883791009
18906931929
18906936799
18907230221
18907258940
18910055592
18910055629
18910075528
18910281417
18910554837
18911741277
18915834865
18934622962
18942136983
18950357732
18950385416
18950444088
18950451911
18950467912
18951626198
18951690123
18951778515
18951828091
18951988189
18951988218
18951988369
18951988612
18951988616
18951988700
18951988749
18951988772
18951989008
18951989058
18951989127
18951989133
18951989158
18951989185
18951989951
18952046606
18959201126
18960558802
18960755761
18960800120
18971700247
18971719665
18971746639
18972708750
18972718711
18972720047
18972737263
18972737291
18972743333
18972747825
18972747877
18972754183
18980021228
18980033697
18980064531
18980068877
18980093288
18980093299
18980093311
18980093335
18980093338
18980093388
18980093396
18980427205
18980445467
18980519199
18980561987
18980678587
18980707667
18980733816
18980806619
18980817118
18980908648
18980930789
18980981698
18980983629
18981186938
18981770866
18981814133
18981841206
18981895273
18981897106
18981999525
18982010733
18982104665
18982186963
18982188345
18982188760
18982208058
18982228901
18982283515
18983705050
18983890362
18986533225
18986533331
18986548777
18986555017
18986555087
18986555585
18986568285
18986568393
18989201220
18989205700
18990930441
18990950087
18995768010
18995768659
18995768818
18995768896
18995768960
18996222577
18996284627
19115982646
19182011817
19802720811
19850500836
19850500873
19881233989
19890566168
19908102512
19908104663
19923016008
19961517226
19962018826
19962031073
19972580530
19972867771
19981228677
19982187188
19983050720
19983168106
19983184786
19983295255