12811504133
13001105161
13001277522
13001959171
13003642523
13004065644
13007126838
13008157212
13008293579
13011020233
13011029393
13011077133
13011093553
13011098238
13011197058
13011863330
13013210177
13015161587
13018284670
13019566519
13020099711
13020385701
13021071681
13021128182
13021161858
13021186122
13021232720
13021272060
13021917046
13023637676
13029502636
13031063082
13031138079
13031151829
13031185825
13034915912
13036664090
13039521745
13039583712
13041096310
13041111750
13041138899
13041228002
13050709010
13051078711
13051171963
13051182889
13051193919
13051233843
13051281680
13051352998
13051415789
13051462335
13051586327
13051638274
13051646910
13051732278
13051800572
13051832577
13051838288
13051926033
13053266120
13060018952
13060060735
13070113116
13070126697
13071114627
13071125580
13073699059
13074768768
13074783213
13080884410
13081545526
13083217510
13084451880
13084718371
13085538859
13086660211
13091307565
13093639233
13100960595
13111894522
13114435474
13120032022
13120051002
13120295442
13121018387
13121070068
13121221907
13121323311
13121377716
13121726885
13124725085
13124735986
13124776890
13126512294
13126598293
13126655772
13126659066
13126696137
13130681166
13141135431
13141147599
13141202641
13141220006
13141223561
13141223705
13141299868
13141300197
13141372329
13141488258
13142413419
13146030798
13146049822
13146065588
13146105396
13146205927
13146316469
13146343884
13146386043
13146488287
13146525747
13146610582
13146634998
13146725820
13146772217
13146778550
13146801819
13146913620
13146980727
13146984347
13152657010
13161012855
13161023348
13161052881
13161076428
13161105028
13161197763
13161197783
13161348675
13161384810
13161566588
13161682244
13161697852
13161746800
13161766176
13161872138
13161948845
13161994306
13164233496
13164284689
13164294396
13167557733
13171229618
13171486108
13177358188
13190746222
13191416984
13191419968
13191468168
13194880708
13194987222
13195531726
13199131114
13205538197
13205538220
13213358918
13214055530
13221058800
13221833883
13225532071
13227356560
13227392834
13234720913
13238442901
13240288231
13240296636
13240490890
13241350565
13241480097
13241558886
13241632125
13241833503
13241852728
13241913761
13241959002
13241999200
13250808283
13258325398
13260226606
13260234600
13260383887
13260433381
13260464844
13260611600
13261036822
13261086372
13261113905
13261197376
13261197379
13261501282
13261508946
13261565765
13261605866
13261649124
13261713618
13261776936
13261800277
13261854397
13263295778
13263422058
13264029566
13264213001
13264269273
13264466938
13269155430
13269188586
13269206636
13269236974
13269282610
13269370107
13269500208
13269558610
13269642164
13269657421
13269951953
13272674031
13277408133
13290660590
13290660801
13292670917
13295538846
13296500201
13297972483
13301026682
13301043088
13301137819
13301161191
13301184925
13301190116
13301282772
13301398129
13302189268
13303162901
13305631661
13308030712
13308057724
13308080043
13308216349
13309630688
13309635677
13311002768
13311029305
13311080623
13311087040
13311093815
13311098285
13311198789
13311329553
13311332717
13311350916
13311351189
13311518130
13311529872
13311593602
13313360228
13321113996
13321159232
13321198352
13322322004
13327106244
13327107944
13327108045
13329032600
13329956901
13331109671
13335536601
13335539292
13337107080
13337126649
13337401068
13340969048
13340991059
13341011779
13342324356
13348816822
13359082023
13359083118
13363631591
13365715218
13366013660
13366025660
13366035706
13366164096
13366166053
13366268165
13366330660
13366335106
13366361245
13366553606
13366603007
13366616030
13366628170
13366668012
13366710582
13366733568
13366902898
13366970202
13367136119
13370150322
13371679471
13372558733
13373589358
13378113091
13381025252
13381066230
13381129010
13381181797
13381201578
13381203692
13381211086
13381277558
13381277568
13381277655
13381347586
13381496171
13383623931
13384181555
13384185821
13388198931
13391637211
13391797520
13391921248
13394894654
13401001793
13401022085
13401024101
13401031716
13401051936
13401074317
13401085558
13401096921
13401100132
13401100780
13401109400
13401112581
13401113126
13401119487
13401122755
13401130473
13401134000
13401135957
13401160308
13401163942
13401178576
13404818505
13404818506
13404832590
13408097675
13409692278
13409776873
13409909386
13409948378
13409950263
13409955580
13426023056
13426025266
13426025406
13426029790
13426036354
13426045035
13426051969
13426056086
13426072918
13426078146
13426082104
13426096162
13426098968
13426193870
13426202021
13426220269
13426222134
13426223299
13426225475
13426230985
13426245372
13426252033
13426255529
13426266420
13426277196
13426279365
13426279900
13426291055
13426291990
13426299179
13426313285
13426315485
13426319268
13426342958
13426345982
13426349476
13426364357
13426385315
13426385393
13426427178
13426456847
13426486692
13426496621
13426595955
13429604601
13436373597
13436681265
13436800465
13436850602
13436852775
13436868782
13436950975
13436976176
13438110967
13438262561
13438495102
13438853599
13439005807
13439039198
13439080945
13439109419
13439113523
13439152063
13439184282
13439185822
13439209456
13439219395
13439234080
13439508735
13439536095
13439626357
13439663644
13439677256
13439703710
13439705268
13439716562
13439795163
13439812708
13453459928
13458605045
13458634003
13463431945
13464810984
13464842004
13464859062
13464866661
13464867476
13464869062
13464879766
13464898318
13466310753
13466315094
13466320933
13466337590
13466339486
13466363313
13466521061
13466525865
13466539258
13466560247
13466561465
13466580546
13466612671
13466613482
13466614881
13466648469
13466658956
13466661187
13466664016
13466697818
13466719781
13466721850
13466727848
13466770875
13466774654
13466790626
13469944123
13470310712
13470335213
13470371375
13470737606
13470747370
13470754428
13473682428
13474716565
13474719533
13474974137
13474996292
13476575016
13476577856
13476588898
13476607780
13477612155
13483609768
13485530079
13485530537
13488653723
13488657908
13488661701
13488663003
13488666105
13488675394
13488684049
13488699352
13488700850
13488723334
13488735189
13488745636
13488745647
13488761224
13488762702
13488775292
13488782319
13488795670
13488799383
13488805217
13488817770
13488825584
13488847135
13488847580
13488847763
13488888806
13488895495
13500504580
13500693259
13501020925
13501028182
13501030609
13501057349
13501067085
13501072260
13501080998
13501095672
13501102779
13501102837
13501114169
13501126503
13501127943
13501147575
13501151840
13501155740
13501163535
13501171763
13501172971
13501178597
13501181886
13501183309
13501185078
13501185332
13501219645
13501279260
13501285618
13501290526
13501300070
13501304358
13501326202
13501327529
13501331951
13501338826
13501343501
13501346910
13501350745
13501361289
13501370323
13501376895
13501397796
13501398052
13505530122
13505593723
13505597741
13508659761
13511011501
13511017178
13511069898
13511079297
13514816522
13515533276
13515534097
13515539862
13518103369
13518186617
13518207510
13520001010
13520012189
13520020953
13520029903
13520038982
13520073519
13520098711
13520107301
13520135978
13520160140
13520166130
13520168660
13520187271
13520190812
13520195046
13520210825
13520221234
13520243546
13520248158
13520265887
13520271595
13520279301
13520311019
13520314921
13520318448
13520335889
13520336847
13520338904
13520340473
13520356166
13520368217
13520390126
13520400459
13520402930
13520407752
13520416002
13520430036
13520433476
13520446436
13520447531
13520488061
13520490180
13520490602
13520524696
13520529378
13520532313
13520536588
13520536962
13520549807
13520572228
13520598027
13520605441
13520622635
13520633170
13520634042
13520663850
13520674516
13520702509
13520734902
13520764285
13520789408
13520801310
13520809626
13520817712
13520834481
13520837302
13520838836
13520853936
13520865034
13520868903
13520885836
13520889517
13520902912
13520904880
13520907804
13520910693
13520955710
13520956122
13520969986
13521014352
13521038623
13521064537
13521065448
13521093596
13521125116
13521130915
13521132683
13521133511
13521137171
13521144192
13521151932
13521158620
13521161779
13521165082
13521167906
13521194713
13521203749
13521220008
13521231515
13521239591
13521255243
13521267901
13521282867
13521298973
13521309808
13521333115
13521336836
13521336841
13521338039
13521343777
13521345624
13521348412
13521362236
13521364672
13521368567
13521373920
13521394590
13521460317
13521504502
13521509900
13521512683
13521550108
13521557734
13521574997
13521577019
13521583954
13521587698
13521600200
13521615226
13521617179
13521635738
13521637407
13521643793
13521653825
13521659162
13521698767
13521703156
13521738035
13521747811
13521752447
13521765628
13521795031
13521800592
13521804614
13521850676
13521858179
13521870804
13521882347
13521910332
13521910831
13521939618
13521970972
13521971789
13522021701
13522033329
13522050130
13522081186
13522094213
13522095181
13522121009
13522146727
13522150833
13522212675
13522230406
13522239107
13522247152
13522285622
13522289365
13522305718
13522309175
13522325257
13522388874
13522421800
13522435196
13522459037
13522480115
13522483135
13522550386
13522550554
13522628065
13522632234
13522637535
13522662806
13522681004
13522682973
13522705263
13522706186
13522714365
13522725603
13522727391
13522729319
13522772219
13522805792
13522827588
13522828388
13522829608
13522852085
13522859705
13522876176
13522901128
13522901352
13522921353
13522957933
13522962406
13522963958
13522989896
13540066781
13540070595
13540090980
13540378018
13540611783
13540684977
13541235742
13545356331
13547815640
13547911871
13547991733
13550062269
13550139878
13550153428
13550172048
13550209317
13550295315
13550304809
13550373369
13551231465
13551391203
13552003541
13552018096
13552037599
13552051682
13552066590
13552068371
13552084587
13552108902
13552110767
13552117718
13552205728
13552237670
13552262350
13552318561
13552357278
13552383640
13552448168
13552492370
13552493400
13552507865
13552555116
13552559404
13552591118
13552595600
13552600156
13552616270
13552657990
13552665105
13552679626
13552685708
13552685869
13552741196
13552788785
13552797958
13552801609
13552804595
13552806760
13552836277
13552854786
13552861215
13552876662
13552907186
13552922680
13552934935
13552960226
13552963633
13552967631
13552967729
13552977602
13552989889
13552991852
13552996987
13558618703
13558739169
13558816892
13568855281
13568867894
13568941197
13568990472
13576933834
13581507195
13581510100
13581552564
13581575532
13581576796
13581577166
13581580939
13581595777
13581599520
13581600735
13581603641
13581607871
13581617827
13581626225
13581648635
13581666430
13581669253
13581681909
13581687143
13581693645
13581694912
13581716027
13581721874
13581724501
13581730023
13581737131
13581748007
13581751615
13581759679
13581763912
13581789232
13581792156
13581793076
13581814380
13581815192
13581818358
13581848896
13581851230
13581851284
13581856103
13581875335
13581891218
13581893657
13581896605
13581913468
13581913487
13581925043
13581938623
13581957525
13581958386
13581960078
13581986038
13581987132
13581996955
13582644948
13588069091
13588080708
13588114189
13588160192
13588197911
13588232588
13588327066
13588401207
13588463995
13588705191
13588731713
13588840116
13588863366
13601006833
13601016716
13601035300
13601055924
13601058900
13601071962
13601097985
13601103861
13601129783
13601151517
13601168014
13601172529
13601191449
13601200700
13601228102
13601234202
13601236160
13601268830
13601272012
13601276644
13601282886
13601302307
13601303698
13601319212
13601319814
13601333985
13601335792
13601342556
13601354578
13601367441
13601378601
13601386406
13604989332
13605536392
13605538709
13605539604
13605598151
13606812258
13607256102
13607256652
13608045036
13608238595
13611008782
13611010374
13611013871
13611017750
13611024325
13611036591
13611045741
13611056365
13611058582
13611061000
13611064602
13611070661
13611094231
13611096581
13611100700
13611104579
13611108280
13611109887
13611114639
13611119256
13611122684
13611143076
13611146665
13611151520
13611174643
13611177848
13611185202
13611186015
13611190634
13611204045
13611211776
13611220131
13611222285
13611233956
13611248073
13611250405
13611265373
13611267010
13611278507
13611299233
13611309732
13611314488
13611320118
13611348293
13611356008
13611360212
13611375312
13611384372
13611385350
13611385736
13611395291
13615537103
13615653470
13616563261
13618089190
13618095829
13621002410
13621003290
13621008117
13621016780
13621019640
13621021281
13621045744
13621054826
13621056972
13621062176
13621085155
13621093261
13621100396
13621112361
13621112750
13621123050
13621155319
13621156382
13621163581
13621167302
13621172711
13621173901
13621174989
13621175059
13621186127
13621192541
13621196953
13621212643
13621233289
13621263816
13621272532
13621273436
13621284245
13621302314
13621304053
13621306601
13621315119
13621335187
13621346210
13621351903
13621383231
13621395916
13623126997
13624502778
13624714503
13624716878
13624724408
13625536846
13633269886
13635510897
13635852958
13636000346
13636056396
13636062946
13636070489
13636073906
13636091045
13637133520
13637134003
13641001018
13641003071
13641021010
13641026462
13641047121
13641054682
13641061542
13641063761
13641066442
13641067660
13641076632
13641085621
13641089771
13641092638
13641105490
13641106819
13641110203
13641110436
13641112179
13641128372
13641129019
13641133394
13641136005
13641137990
13641144561
13641165043
13641166238
13641189490
13641193316
13641249879
13641252738
13641253472
13641258588
13641262623
13641269491
13641273375
13641283118
13641302981
13641309435
13641319837
13641330050
13641339738
13641341320
13641352510
13641358275
13641399800
13644838739
13644889055
13645538585
13651020886
13651026286
13651033375
13651043265
13651077412
13651080960
13651082533
13651089005
13651091792
13651096808
13651097433
13651100547
13651104561
13651111830
13651123243
13651132908
13651157531
13651171558
13651203660
13651210106
13651215168
13651248853
13651252679
13651270497
13651273141
13651286899
13651290707
13651303769
13651317125
13651317333
13651319512
13651321936
13651322806
13651336112
13651339092
13651352123
13651354201
13651359986
13651363241
13651374860
13651377765
13651379834
13655556945
13655596336
13655713714
13656658873
13658024776
13658067609
13658186311
13661019819
13661051378
13661059826
13661060032
13661062935
13661077694
13661092909
13661102374
13661109813
13661129157
13661133971
13661143405
13661144158
13661152522
13661175448
13661180232
13661181067
13661185651
13661185801
13661200569
13661200992
13661212136
13661221556
13661222117
13661223464
13661236712
13661249564
13661251968
13661266079
13661271229
13661282370
13661296099
13661305620
13661306844
13661308786
13661312265
13661333721
13661336474
13661349856
13661357891
13661366229
13661379960
13661389376
13661394208
13664733452
13664846210
13665531168
13666168099
13666182813
13666654230
13666656986
13666682188
13668108965
13668235580
13668285909
13669367347
13671001199
13671009422
13671016950
13671041816
13671056419
13671063196
13671068251
13671093797
13671096235
13671098770
13671105971
13671125015
13671130918
13671138785
13671151106
13671161208
13671179956
13671180801
13671200005
13671208207
13671221836
13671224514
13671228600
13671254270
13671258851
13671262619
13671293508
13671300809
13671305528
13671307082
13671315029
13671315454
13671327421
13671341835
13671352783
13671353473
13671355696
13671356632
13671361015
13671378431
13671384115
13671391740
13674711032
13674855943
13675530159
13678008951
13678113389
13678130464
13678154700
13681005226
13681009478
13681009980
13681010103
13681011031
13681016047
13681021791
13681025070
13681029829
13681035919
13681039271
13681043750
13681050224
13681056377
13681057042
13681073798
13681079899
13681080775
13681081281
13681081659
13681085318
13681089338
13681090469
13681091038
13681094045
13681094049
13681096160
13681103816
13681105231
13681107235
13681108869
13681115091
13681133864
13681140735
13681150164
13681159069
13681161273
13681200327
13681207572
13681227094
13681231520
13681238980
13681239672
13681245607
13681254539
13681256880
13681259687
13681286649
13681290209
13681314903
13681319600
13681356725
13681361037
13681381636
13681387552
13681409372
13681417987
13681433737
13681437109
13681449240
13681472873
13681477202
13681495085
13681511235
13681517838
13681517965
13681521205
13681525349
13681532423
13681546936
13681551167
13681559906
13681583014
13681583404
13681587201
13681592905
13683023377
13683026068
13683033391
13683051165
13683054873
13683056980
13683057042
13683101829
13683109739
13683118390
13683134560
13683179681
13683179869
13683180437
13683181874
13683192158
13683208857
13683209347
13683209567
13683219295
13683224620
13683235597
13683237289
13683245511
13683251281
13683285756
13683308430
13683313201
13683318543
13683327479
13683328707
13683343614
13683344236
13683372495
13683382051
13683391662
13683415161
13683417910
13683456857
13683500391
13683503228
13683511726
13683512998
13683517799
13683531171
13683535036
13683538877
13683548494
13683552961
13683554860
13683555409
13683555796
13683565449
13683596200
13683596680
13683600912
13683603929
13683619086
13683621046
13683639607
13683646225
13683671887
13683682842
13683683465
13683691404
13684001149
13684004295
13684718748
13684788285
13685535096
13685536037
13688001083
13688005537
13688071251
13688112078
13688178722
13688305138
13688367575
13688491937
13689044123
13689054563
13689091728
13691001495
13691006031
13691024315
13691052184
13691053169
13691071969
13691079835
13691092159
13691130866
13691136020
13691136926
13691153120
13691159158
13691162556
13691169669
13691171373
13691179979
13691187829
13691201701
13691212799
13691218669
13691233679
13691268178
13691277792
13691279730
13691286631
13691288266
13691292038
13691310129
13691314086
13691319353
13691335208
13691335385
13691339887
13691419070
13691426199
13691482078
13691483053
13691500522
13691500980
13691502696
13691503895
13691531053
13691536507
13691554900
13691559215
13691559528
13691562029
13691571932
13691573461
13691592929
13692191577
13693003835
13693005529
13693021776
13693032223
13693057239
13693068251
13693070263
13693092769
13693104532
13693113582
13693125066
13693131088
13693133511
13693158131
13693165198
13693165883
13693180030
13693180820
13693187234
13693195836
13693197559
13693200586
13693204837
13693213251
13693221500
13693226016
13693226603
13693229815
13693233527
13693238480
13693247665
13693252958
13693267068
13693270531
13693278289
13693291127
13693295055
13693307625
13693316374
13693321463
13693345470
13693351256
13693353823
13693368893
13693386523
13693391006
13693393770
13693517855
13693530852
13693538060
13693541975
13693572891
13693578614
13693600112
13693603894
13693609880
13693627106
13693635473
13693664606
13693673036
13693685186
13693691607
13695513545
13695535796
13695539677
13695672862
13696560877
13696795187
13699009107
13699057156
13699057209
13699059370
13699101922
13699143869
13699190282
13699203506
13699204046
13699207709
13699211362
13699223820
13699225251
13699230118
13699258900
13699283058
13699288716
13699290358
13699413260
13701021579
13701054781
13701086120
13701089969
13701119167
13701123173
13701169437
13701177178
13701196605
13701214810
13701215832
13701226411
13701247325
13701251480
13701260903
13701279452
13701305439
13701324132
13701356540
13701395559
13704187298
13704710852
13705533179
13705535253
13705539762
13705714414
13708045481
13708047695
13708167518
13708236153
13716001517
13716013152
13716034807
13716048227
13716098866
13716107233
13716237600
13716245137
13716250887
13716272726
13716286079
13716286353
13716295294
13716303810
13716305975
13716327789
13716349071
13716354661
13716381688
13716431568
13716516781
13716540699
13716580019
13716587640
13716621225
13716640916
13716672600
13716708870
13716728372
13716730158
13716734060
13716737541
13716743387
13716757013
13716781157
13716786668
13716787999
13716788374
13716799116
13716884060
13717516952
13717517707
13717531420
13717537612
13717614223
13717668082
13717687392
13717695421
13717710680
13717733771
13717736892
13717756667
13717760640
13717776054
13717794371
13717803731
13717805162
13717821759
13717831619
13717832882
13717860083
13717922072
13717955329
13717957606
13717995169
13717996607
13718011295
13718011626
13718019102
13718038413
13718041974
13718077224
13718099617
13718116408
13718138906
13718158941
13718160692
13718170769
13718179859
13718228560
13718242759
13718259070
13718261381
13718275871
13718288970
13718314430
13718318390
13718336906
13718353865
13718356070
13718377953
13718385772
13718391761
13718395523
13718395694
13718486931
13718521022
13718552157
13718584468
13718590385
13718597896
13718617338
13718675649
13718676522
13718680668
13718690686
13718731419
13718731719
13718734889
13718735912
13718736909
13718750246
13718758393
13718770925
13718782070
13718816321
13718820835
13718824579
13718833712
13718904760
13718941315
13718982822
13718985600
13718988551
13720008959
13720017970
13720019679
13720052213
13720054938
13721026108
13721208682
13721212298
13722116627
13722127855
13722133012
13722627627
13730364583
13730605645
13730693236
13730852763
13732232522
13734710711
13734720850
13735526086
13735869934
13735889922
13739460785
13739976619
13750805594
13752672773
13757153762
13757182702
13758163429
13758224693
13758231744
13758251279
13759909614
13774258621
13777406445
13777424009
13777474710
13777492183
13785479301
13785479405
13785599450
13785644171
13785686571
13785692592
13789413687
13789423769
13789518921
13789626892
13795019372
13795019621
13795075732
13795086334
13795094677
13801018271
13801029903
13801070954
13801119960
13801226815
13801235528
13801240666
13801303171
13801325132
13801387955
13804180906
13804181699
13804188727
13804710454
13804711563
13805531953
13805533667
13805533929
13805535910
13805536086
13805717668
13805722987
13807258583
13808043984
13808061339
13810009161
13810009476
13810010752
13810011958
13810014423
13810016668
13810018483
13810024074
13810025068
13810026784
13810028197
13810030972
13810041353
13810045680
13810047016
13810054129
13810055048
13810055092
13810055712
13810056727
13810063593
13810067720
13810068515
13810070008
13810070889
13810070936
13810075968
13810076535
13810081761
13810088229
13810090590
13810092930
13810101657
13810102252
13810106874
13810111887
13810112340
13810112343
13810113696
13810114184
13810139065
13810139067
13810153468
13810159218
13810160272
13810161397
13810166475
13810166581
13810177672
13810182577
13810183863
13810195698
13810198986
13810219991
13810220376
13810222471
13810223550
13810224100
13810224775
13810224893
13810230629
13810245439
13810252710
13810257951
13810262610
13810271693
13810278400
13810283279
13810284064
13810284869
13810303800
13810320177
13810326863
13810330414
13810334151
13810334672
13810334715
13810350287
13810352669
13810357402
13810364157
13810370709
13810372749
13810378791
13810389165
13810394929
13810413215
13810413512
13810415712
13810419876
13810425453
13810427057
13810430341
13810430835
13810431448
13810431965
13810459871
13810463266
13810487092
13810496024
13810528543
13810528975
13810531416
13810533882
13810538877
13810546709
13810556242
13810558498
13810576427
13810580169
13810580905
13810581172
13810585406
13810585631
13810588265
13810591869
13810595126
13810603945
13810607562
13810607820
13810610280
13810610642
13810610927
13810614635
13810619087
13810623342
13810630180
13810634986
13810637377
13810641433
13810652358
13810665266
13810665600
13810674893
13810676810
13810676879
13810678135
13810678190
13810680031
13810689008
13810703588
13810704279
13810706870
13810713552
13810718704
13810719753
13810724999
13810725173
13810729803
13810746895
13810753834
13810757302
13810762706
13810765702
13810772344
13810774873
13810777289
13810778015
13810781215
13810784169
13810786589
13810791081
13810798852
13810802243
13810803932
13810822000
13810839502
13810843180
13810845212
13810848706
13810849777
13810864811
13810870193
13810872168
13810877157
13810878103
13810884753
13810887590
13810895137
13810902328
13810912849
13810919089
13810922946
13810936120
13810947217
13810948742
13810957696
13810960486
13810966901
13810967111
13810968023
13810970866
13810971845
13810976446
13810978658
13810980204
13810986236
13810988328
13810996063
13810999596
13810999853
13811005611
13811011071
13811015329
13811019791
13811020908
13811024509
13811029270
13811048297
13811052639
13811058760
13811060537
13811066031
13811071692
13811076012
13811090588
13811099951
13811108246
13811109740
13811115328
13811123669
13811127718
13811133998
13811135100
13811136790
13811152321
13811156753
13811162004
13811163209
13811166555
13811172473
13811179915
13811180366
13811183736
13811189898
13811193540
13811195615
13811206036
13811207754
13811226183
13811237113
13811237607
13811240644
13811242977
13811245590
13811253136
13811253925
13811259045
13811261588
13811263457
13811265587
13811272840
13811285605
13811286951
13811293126
13811298781
13811299217
13811302406
13811319051
13811326165
13811327309
13811341008
13811350196
13811357301
13811357669
13811362045
13811363434
13811369560
13811373911
13811380375
13811385357
13811389450
13811390215
13811393326
13811398043
13811400867
13811409794
13811415290
13811417368
13811418368
13811420899
13811426096
13811433676
13811437045
13811442091
13811444392
13811451416
13811453692
13811468871
13811469035
13811479896
13811481718
13811483984
13811487918
13811493184
13811495298
13811499747
13811503716
13811514353
13811515682
13811526717
13811530927
13811532729
13811533243
13811534313
13811538978
13811541913
13811549008
13811554571
13811555948
13811557034
13811564224
13811585238
13811589189
13811600586
13811605593
13811610471
13811620435
13811628489
13811628492
13811636969
13811645080
13811650505
13811661918
13811661993
13811665227
13811688757
13811697060
13811701926
13811703080
13811723651
13811728242
13811732672
13811735353
13811737138
13811741955
13811747357
13811751187
13811752608
13811754605
13811770599
13811773206
13811780132
13811802166
13811807739
13811810809
13811812858
13811824255
13811829854
13811830874
13811833186
13811837081
13811838347
13811847165
13811861285
13811861549
13811864950
13811867223
13811868171
13811868746
13811872198
13811873706
13811879789
13811887880
13811891058
13811895066
13811896282
13811900292
13811910122
13811914297
13811914520
13811916235
13811932303
13811933992
13811946380
13811954837
13811967124
13811975768
13811982420
13811983656
13811985280
13811989357
13811992431
13811993369
13811993496
13819185921
13821718139
13831690619
13832686081
13833441988
13833444218
13833444280
13833615981
13833634589
13841807737
13841830662
13841852727
13841854664
13841882226
13841889109
13841892521
13847265099
13848003966
13848123604
13848172729
13848179166
13848247226
13848264580
13848293071
13848626395
13848717379
13848811748
13848929409
13855101764
13855301300
13855301749
13855309515
13855309819
13855310910
13855315509
13855318977
13855319852
13855323070
13855325022
13855334449
13855334955
13855337383
13855338603
13855367265
13855369714
13855388229
13855389284
13856583735
13856922209
13857196226
13858033718
13858066789
13858181936
13865534298
13865536347
13866354633
13866361976
13866367194
13866377443
13866378898
13866381709
13866383210
13866383743
13866387770
13866397320
13866650383
13866650951
13866653646
13866653852
13866653866
13866657711
13866788143
13871950569
13871980046
13871980794
13871983310
13871983452
13871986364
13871986510
13871986516
13871987028
13871988600
13871992568
13871992958
13871993043
13871993751
13871995939
13871998545
13871999385
13871999415
13871999758
13872034422
13872034551
13872038895
13880029523
13880087132
13880087730
13880089600
13880148678
13880162977
13880206289
13880242023
13880406460
13880419995
13880486016
13880520139
13880596449
13880631878
13880669151
13880721835
13880739720
13880739771
13880780307
13880822000
13880838999
13880881281
13880890801
13880899765
13880922397
13880955613
13881709627
13881717954
13881790321
13881827975
13881831877
13881844467
13881868387
13881886323
13881888222
13881898770
13882081783
13882168430
13882221815
13882256194
13898551617
13901080725
13901151433
13901197856
13901205205
13901224538
13901244981
13901319017
13901365467
13904180725
13904185377
13904719725
13905531877
13905532814
13905537890
13906502492
13906510385
13906520001
13906532533
13907258061
13908190416
13908208842
13910010163
13910021364
13910022910
13910025533
13910033142
13910097686
13910127431
13910130069
13910146061
13910160148
13910167677
13910171218
13910197571
13910223536
13910246980
13910254560
13910276469
13910282822
13910305639
13910319036
13910325632
13910383411
13910395752
13910407805
13910513069
13910517385
13910519953
13910529891
13910534603
13910573385
13910576535
13910589691
13910636347
13910639721
13910642523
13910666652
13910668264
13910673698
13910681229
13910694021
13910704601
13910709188
13910729593
13910730781
13910761993
13910811630
13910812972
13910815995
13910820594
13910869632
13910884616
13910909578
13910916762
13910928436
13910957687
13910981728
13911014532
13911029658
13911081521
13911087825
13911116018
13911123094
13911168848
13911196669
13911198051
13911201191
13911236861
13911241413
13911258482
13911269995
13911275002
13911286216
13911310896
13911383968
13911388376
13911401056
13911434984
13911438227
13911453237
13911530736
13911556581
13911581096
13911587308
13911607109
13911643969
13911693926
13911710426
13911713295
13911734161
13911755988
13911790817
13911812193
13911816872
13911925306
13911942947
13911990378
13911991340
13911993350
13911993578
13911994099
13911994147
13911994615
13911997218
13911997357
13911999270
13930645853
13931215957
13931659812
13932646587
13933267878
13933272218
13935183421
13941802388
13941826366
13941854255
13941860168
13941867949
13947154520
13947275451
13947700213
13948106408
13955186817
13955300360
13955305337
13955306830
13955308358
13955309263
13955312729
13955329295
13955335786
13955351315
13955354089
13955361231
13955361824
13955362142
13955366036
13955366799
13955369232
13955370660
13955376552
13955377696
13955377876
13955381985
13955386370
13955391518
13955395530
13955398620
13956166730
13956166863
13956175721
13956190184
13956197485
13956200065
13956212129
13957108203
13957181354
13965150064
13965150404
13965152278
13965153877
13965161891
13965170347
13965177346
13965178812
13965185737
13965188995
13965192864
13965193368
13965194081
13966004358
13966014499
13966022659
13966026967
13966030526
13966030558
13966033612
13966039116
13966675664
13968017295
13968071616
13968129365
13968152996
13971701077
13971702734
13971703334
13971712211
13971712326
13971712330
13972708670
13972718162
13972719196
13972736865
13972736991
13972737740
13972737834
13972741143
13972744142
13980002031
13980037794
13980092318
13980545690
13980545847
13980625536
13980704910
13980723930
13980743824
13980822020
13980961581
13981260523
13981749890
13981790351
13981800339
13981818470
13981839403
13981851294
13981967923
13982039875
13982088517
13982091986
13982114323
13982118844
13982187201
13982233013
13982256965
13982296980
13986533264
13986533558
13986536440
13986556272
13989488336
13989489138
13995921321
13995933385
13995948088
13995948338
14747256675
14755391815
14758026559
14794725127
15001002157
15001004507
15001017881
15001021136
15001085961
15001109225
15001112337
15001151556
15001189709
15001219596
15001245303
15001267599
15001287400
15001304578
15001353829
15001367697
15001373943
15005538758
15008404946
15010014098
15010020509
15010062801
15010069151
15010070116
15010092841
15010098588
15010180952
15010183269
15010216395
15010216779
15010219129
15010222093
15010228266
15010293116
15010335220
15010382743
15010386230
15010437135
15010470847
15010475128
15010541658
15010551780
15010576120
15010580221
15010609354
15010611159
15010613699
15010635008
15010757082
15010820997
15010833998
15010908990
15010932208
15011078300
15011094474
15011179110
15011207886
15011219568
15011219939
15011230838
15011250567
15011260370
15011268198
15011287230
15011395316
15011402478
15011430177
15011431886
15011461079
15011597241
15022119216
15022228195
15022702050
15024703208
15024770774
15024790016
15030451789
15033136259
15034782601
15034791619
15041831166
15041860032
15041875246
15042518210
15042546600
15042553993
15042565337
15044702218
15044946611
15044963168
15047235720
15047826933
15047855866
15047875918
15055305553
15055305755
15055308627
15055338557
15055756069
15056037912
15056466991
15056485212
15056987899
15068736692
15071598806
15072735600
15072783982
15072817851
15075663775
15076678496
15081460572
15086712502
15088678995
15098005817
15098013401
15098016073
15101031322
15101050582
15101080780
15101102352
15101114931
15101121870
15101123747
15101124687
15101127331
15101134056
15101142018
15101150652
15101162338
15101197446
15101198937
15101538854
15101568399
15101575183
15101605067
15101667029
15101669004
15101683776
15110011336
15110035976
15110057970
15110068442
15110090196
15110114418
15110135975
15110162568
15110165029
15110222352
15110258083
15110277985
15110288380
15110291260
15110294248
15110296223
15116932449
15117927696
15117936896
15117989017
15117996986
15120001841
15120007263
15120036670
15120042979
15120046632
15120055964
15120058099
15120071816
15120071826
15120072434
15120075141
15120075465
15120077187
15120081315
15120095175
15122070979
15122125750
15124760102
15124818419
15133228253
15133606082
15134038401
15140928831
15141800003
15141802336
15141832440
15148037628
15150651208
15155326056
15155348754
15155388366
15157147670
15157157187
15158065319
15168394664
15171636627
15171660135
15178506623
15178517985
15178525696
15178535766
15183656681
15184728018
15184745681
15184790200
15184790263
15196621093
15198020740
15198209620
15198281416
15201052897
15201063619
15201076070
15201088277
15201119274
15201130855
15201164856
15201198051
15201228310
15201233350
15201252733
15201272076
15201296560
15201303599
15201318171
15201330540
15201341405
15201341416
15201352873
15201365332
15201420915
15201443758
15201462626
15201476589
15201504360
15201541408
15201584912
15201596902
15201606460
15201638708
15201649116
15201695208
15202836686
15203360609
15204717769
15204721221
15204782295
15205538281
15208103801
15208205324
15208216134
15208223711
15208335808
15210069969
15210091589
15210113215
15210113577
15210116809
15210136873
15210161323
15210199720
15210225088
15210226185
15210231127
15210240804
15210279793
15210288852
15210297215
15210317357
15210334647
15210336186
15210353729
15210354756
15210366019
15210436686
15210444060
15210495328
15210513645
15210528607
15210534952
15210546690
15210567604
15210574481
15210579263
15210583383
15210583393
15210583431
15210583498
15210583565
15210585295
15210613561
15210618084
15210653489
15210662652
15210666991
15210671967
15210672238
15210672956
15210673991
15210678818
15210679124
15210717633
15210717638
15210727816
15210738990
15210752230
15210786890
15210808379
15210810502
15210840432
15210873099
15210877781
15210878435
15210879006
15210889805
15210893126
15210898695
15210904867
15210905641
15210907301
15210908069
15210921989
15210932853
15210945441
15210945711
15210981318
15210981930
15210996386
15210997018
15212211782
15212212366
15212247518
15212268185
15212273030
15212274508
15212277393
15215530168
15222673830
15228866026
15228905969
15230628818
15230673635
15231643300
15231655619
15232332667
15247125469
15247152440
15247212221
15248036070
15248073775
15248133976
15248137839
15248179590
15250112757
15255129728
15255184233
15255308053
15255310625
15255326237
15256002929
15256093577
15258828899
15268353008
15271610646
15271617393
15271625695
15271627492
15295572055
15297308817
15300157169
15300240405
15300333863
15301126991
15301356621
15304187800
15307255314
15307256288
15307256633
15308218485
15308219981
15309636133
15311251761
15311277968
15311428273
15311453887
15311472403
15311491746
15311737797
15311763992
15311882610
15311969893
15313096587
15313099661
15313129976
15313549106
15313974720
15321681168
15321936970
15326004752
15326093140
15326093223
15330220466
15334149936
15335523849
15335576997
15344117852
15345531511
15345534473
15347161036
15354817572
15354858525
15354896042
15357011137
15357880181
15357883086
15357884498
15374728590
15375062976
15375116768
15375530726
15375531683
15375697568
15383866948
15384068086
15384868419
15387196500
15390028463
15391112133
15391126186
15391136788
15393393656
15395332095
15395338810
15395392589
15395538550
15397115808
15397135251
15501006827
15501020062
15501099123
15501190419
15501222392
15502814581
15507252013
15508065160
15510186179
15510260227
15510261766
15510413428
15510519668
15510629170
15540115818
15540116636
15540121906
15540136963
15540189021
15540240688
15540271089
15540271809
15541809218
15547102626
15547541334
15555356199
15555365095
15555386636
15555396263
15556352728
15560841068
15560847251
15560976644
15560980725
15561070886
15561074551
15561088635
15561257858
15561417868
15572365686
15586509008
15586642971
15598202078
15598315818
15598315836
15600068333
15600584235
15600662778
15600693372
15600801376
15600900867
15601099070
15601316083
15601322001
15601348888
15601362962
15604773299
15605538558
15611002801
15611034590
15611107256
15611215007
15611320361
15611432307
15611549918
15611554379
15611621461
15611666323
15611777744
15623245527
15624980351
15629615866
15629620007
15629699789
15632662888
15632683297
15641819428
15641861511
15641870036
15641890001
15645288677
15647183179
15647201023
15647213986
15650715561
15650755704
15650775820
15652062510
15652118886
15652342482
15652357275
15652358520
15652365614
15652366330
15652372906
15652375648
15652382027
15652511879
15652609493
15652681541
15652767380
15652782179
15652905976
15652922149
15652946380
15655300032
15661065221
15661226190
15661507236
15661622815
15661658990
15665530968
15665539085
15671731865
15672603678
15672620222
15672625603
15672790399
15680969670
15690916642
15699808537
15700693683
15701664801
15702844525
15708412474
15710082139
15710097097
15711084149
15711153633
15711397940
15711481003
15714712666
15718065482
15726600968
15727302001
15754518771
15754884988
15755302980
15756324949
15757137060
15764711032
15774711473
15801017445
15801040263
15801080134
15801089775
15801113167
15801136363
15801145171
15801235897
15801260454
15801286128
15801308519
15801325556
15801340968
15801360599
15801375287
15801378778
15801380336
15801380890
15801386860
15801395293
15801396210
15801407553
15801410887
15801419960
15801454434
15801517215
15801540160
15801546328
15801561751
15801581237
15801583796
15801586233
15801589123
15801604141
15801608483
15801616373
15801641952
15801651850
15801665197
15801665983
15801671543
15801782027
15802838324
15802862820
15804185703
15805535762
15805538373
15807257957
15807258360
15810009436
15810016078
15810028826
15810046039
15810057808
15810061133
15810062994
15810078669
15810079585
15810088983
15810090052
15810163058
15810165518
15810192133
15810200682
15810212556
15810216192
15810216957
15810225981
15810237413
15810245528
15810250401
15810279340
15810285467
15810289024
15810301535
15810301781
15810327466
15810368615
15810386808
15810391350
15810419772
15810471942
15810531284
15810538286
15810550010
15810567698
15810568276
15810568579
15810579084
15810580497
15810588559
15810605171
15810606550
15810613757
15810652081
15810676762
15810701710
15810709818
15810717266
15810722807
15810723288
15810733877
15810750119
15810751629
15810758900
15810778602
15810810691
15810845836
15810850318
15810871982
15810897632
15810900396
15810903920
15810933510
15810949566
15810963632
15810965336
15810992137
15810997611
15811001702
15811019839
15811021186
15811045529
15811068207
15811072301
15811105992
15811120257
15811257694
15811263649
15811266287
15811270239
15811272512
15811283606
15811283779
15811288909
15811290888
15811292817
15811355768
15811392875
15811392891
15811396990
15811420067
15811426799
15811500790
15811506071
15811530346
15811538926
15811562659
15811575598
15822871812
15828110611
15828133132
15828161745
15828261683
15831695500
15832552223
15832683828
15833163994
15841821161
15841845659
15841879642
15847183443
15848139402
15848863622
15849109564
15849161190
15849198712
15849225258
15849296333
15849331529
15849334266
15849342506
15849345736
15849359989
15855225270
15855254515
15855510561
15855531028
15855536039
15855960898
15855966539
15855972915
15855977820
15855990240
15855993228
15857171991
15867109106
15868286206
15872401940
15882060624
15882065208
15882397937
15882409193
15882460198
15884465893
15888862033
15891296773
15897910958
15897914166
15901016025
15901031331
15901032274
15901042326
15901062515
15901063669
15901072232
15901083757
15901122752
15901171585
15901180801
15901181094
15901181583
15901181999
15901185057
15901186135
15901189806
15901196163
15901197124
15901212048
15901219129
15901228210
15901234128
15901255978
15901259988
15901260322
15901265710
15901269096
15901299897
15901318065
15901345833
15901356315
15901358360
15901358512
15901406116
15901414073
15901434686
15901438565
15901493469
15901507872
15901523983
15901588612
15904225205
15904233019
15904236866
15904728808
15904892279
15904986789
15905531230
15905537116
15910201995
15910245890
15910301509
15910336528
15910368200
15910372465
15910442273
15910450430
15910453040
15910471651
15910542311
15910568624
15910616687
15910619916
15910629120
15910656038
15910664905
15910669596
15910685609
15910707790
15910768120
15910806325
15910967563
15910967926
15910979027
15911033383
15911049304
15911108109
15911136711
15922319815
15925688858
15926705036
15927064566
15927262311
15928027431
15928056612
15928168240
15928510557
15928558581
15928649151
15928755347
15932618626
15933752803
15933926121
15934925289
15941801057
15941821582
15941846779
15941860087
15941890088
15947023341
15947039251
15947115064
15947230967
15947310267
15947328815
15947624003
15949418950
15955309786
15955315330
15955337443
15955351799
15958002528
15968873357
15971380900
15971385938
15971386071
15971388936
15971390487
15971391268
15971392008
15971395811
15971399096
15971406516
15971409168
15971409269
15972836899
15982052374
15982217921
15982347309
15983307238
15988130407
15988822035
15990043275
15990101343
15990196108
15997389996
15997398589
15997398808
15997399997
16604814969
16605531507
16619867676
17301023169
17301097856
17301337605
17301382707
17302859721
17310013186
17310332703
17310536160
17310605220
17313062869
17316100607
17318535850
17319444881
17323052031
17326805300
17326925686
17327766852
17330632426
17345798807
17346577727
17354270889
17354271123
17355380190
17355385579
17360155722
17381943376
17381959125
17507259698
17600033053
17600063868
17600107677
17600185336
17600277691
17600426282
17600523283
17600881974
17601013303
17601077856
17601097797
17601680939
17603230446
17604813689
17607180340
17610067736
17610758897
17611368515
17611424196
17701023647
17701147519
17701296525
17701382721
17706500866
17707135234
17708050080
17709931009
17710131660
17710134186
17710150385
17710230131
17710336979
17710465289
17710474281
17710603797
17710734976
17710856686
17710966653
17713609863
17718253550
17718254070
17718254571
17718254856
17730304735
17731226338
17731286849
17732492803
17733605965
17743554547
17746513036
17756510821
17761312338
17762708808
17764591340
17771387735
17775373665
17775469027
17777826003
17786200132
17800234486
17801024758
17801025157
17801036494
17801062242
17801171992
17828498456
17855361178
17855365553
17856918881
17856919322
17856945390
17888802011
17888811929
18001068530
18001106770
18001120900
18001140042
18001151305
18001177746
18001177748
18001177802
18001177822
18001177828
18001177831
18001177833
18001177836
18001177839
18001177840
18001177841
18001177843
18001177845
18001177846
18001177849
18001177851
18001177853
18001177859
18001177862
18001177863
18001177867
18001177870
18001177871
18001177880
18001177913
18001177934
18001177936
18001177940
18001178559
18001181808
18001197411
18001219910
18001240652
18001298697
18001318851
18001318856
18001318860
18001318861
18001318862
18001318865
18001318867
18001318879
18001352783
18004811101
18004811171
18004816721
18004850418
18004854684
18010268914
18010483547
18010656561
18010698409
18010750361
18010760326
18010771026
18011436751
18019517256
18019527071
18019538896
18030494908
18031605049
18032628968
18032639727
18033650179
18040354507
18042000722
18047101587
18047125645
18047159833
18047166668
18047209500
18047255110
18047499854
18054076925
18055152314
18055303101
18055305278
18055309759
18055312133
18055314225
18055338865
18055347313
18055350192
18055350311
18055355798
18055377106
18055378322
18056359886
18057142851
18057154188
18062008572
18062893361
18068803753
18071371095
18072716612
18080176787
18081060651
18081093528
18081103040
18084844617
18084868943
18095638385
18095646380
18101039338
18101051026
18101320685
18101325636
18101331776
18104712155
18108052009
18108288716
18108680645
18110250511
18110250599
18110261014
18110369505
18113065265
18119663779
18119891999
18123368381
18123461011
18130281936
18130328563
18130370837
18130401119
18130409562
18130600730
18130602320
18131634566
18132561850
18133877172
18140210621
18141808887
18146552157
18147122564
18148349007
18154475110
18155319367
18155329970
18155332256
18155379122
18156131067
18156512952
18156581340
18156582894
18157148161
18158810330
18171766607
18171772990
18186313999
18186333769
18186990618
18190750738
18196507352
18196516901
18196532126
18196535136
18196564931
18200140429
18200299016
18200400906
18200560376
18201014338
18201021387
18201023432
18201030554
18201053459
18201060555
18201064099
18201066508
18201097208
18201126866
18201202692
18201376728
18201385177
18201493290
18201535915
18201595309
18201613211
18201615581
18201655400
18201669037
18201693190
18202812774
18202838889
18202923865
18208105902
18208162655
18208162855
18210010308
18210039326
18210041121
18210041943
18210063500
18210068329
18210070387
18210125413
18210171580
18210229648
18210337687
18210435053
18210619688
18210675852
18210721597
18210746625
18210790320
18210855218
18210905855
18210919858
18210937656
18210959813
18211036850
18211068270
18211150630
18211196626
18222952529
18225531729
18226139920
18226539620
18226702839
18228004830
18230463589
18231211800
18232591189
18232668089
18232681026
18232690568
18241894242
18241899988
18242857570
18247160186
18247167665
18247275927
18255118870
18255302884
18255326956
18255327680
18255366270
18255376258
18255386738
18256960563
18256975778
18258207626
18258220810
18268193370
18269791994
18271567000
18272155106
18280039610
18280095467
18289533517
18301101025
18301225952
18301302490
18303037313
18310029728
18310056829
18310248155
18310461796
18310622017
18310625201
18310736008
18310765893
18310786388
18310786836
18310889817
18310929609
18311091986
18311256580
18311362389
18311408994
18311489968
18321820235
18322768661
18328569538
18330614933
18330676339
18330695039
18330695160
18333631786
18341891990
18347122015
18349245918
18349271806
18355125901
18355517527
18356070712
18356390706
18356524406
18356981266
18375328595
18375328619
18380410061
18380410130
18382224674
18401665487
18401681939
18404225399
18410076318
18428338521
18500031228
18500037600
18500078816
18500164426
18500191949
18500193325
18500272246
18500296025
18500300329
18500397215
18500426018
18500523617
18500614000
18500741338
18500800206
18500852857
18500971236
18500991099
18501048085
18501160485
18501211582
18501275720
18501285971
18501359429
18501904608
18501949649
18501950885
18503827535
18504180129
18504181271
18504187017
18504187030
18504187085
18504187303
18504187347
18504187412
18504187477
18504187654
18504187669
18504187725
18504187747
18504187761
18504187906
18504187967
18504187968
18504187975
18504187982
18504189108
18504189179
18504189186
18504189189
18504189223
18504189226
18504189229
18504189278
18504189281
18504189298
18504189318
18504189321
18504189519
18504189558
18504189589
18504189597
18504189628
18504189655
18504189679
18504189680
18504189706
18504189758
18504189768
18504189780
18504189815
18504189816
18504189826
18504189830
18504189870
18504189896
18504712452
18504727687
18505538761
18510003418
18510032962
18510052881
18510147878
18510182906
18510251436
18510333715
18510336499
18510351599
18510388980
18510623986
18510651403
18510796521
18510869115
18511058057
18511147219
18511219372
18511255282
18511361668
18511416868
18511581218
18511588612
18511599291
18511747686
18511757608
18511790046
18511882832
18511914114
18513007417
18513165971
18513178986
18513231203
18513381589
18513387896
18513436569
18513502976
18513829886
18513855159
18513961896
18514045931
18514067008
18515490905
18515535346
18515654059
18515897503
18515988018
18515988659
18516566006
18516896837
18516925133
18516998665
18518014345
18518062360
18518062700
18518083008
18518085725
18518255558
18518273867
18518311972
18518461572
18518488056
18518566850
18518593616
18518623519
18518678906
18518757837
18518785195
18518880940
18518966265
18518966267
18519018971
18519063830
18519079369
18519339569
18519725859
18519796007
18519838937
18524189868
18524708880
18524708881
18530005004
18531697997
18547113276
18547133123
18547160311
18547250030
18548102636
18548155740
18548180220
18555307693
18583923627
18583940331
18586146718
18600008988
18600067828
18600127529
18600156424
18600177133
18600206881
18600224650
18600234718
18600357776
18600408585
18600440979
18600468302
18600778037
18600802896
18600858386
18600871762
18600907329
18600954289
18600963035
18601020192
18601033376
18601042798
18601073864
18601117463
18601132696
18601134689
18601147919
18601148940
18601153062
18601163176
18601171588
18601194383
18601209804
18601221851
18601258995
18601269317
18601275523
18601277518
18601289512
18601319566
18601349617
18601365253
18601368567
18601382822
18601900678
18601907619
18601931856
18601941405
18601946697
18601958502
18601997352
18602783934
18604515157
18604889523
18604980042
18606532521
18607252227
18608018359
18610080925
18610093566
18610127281
18610157395
18610217146
18610248958
18610249658
18610252126
18610252286
18610255015
18610311009
18610331049
18610335375
18610345896
18610362679
18610362680
18610382908
18610386168
18610407992
18610468046
18610561167
18610569839
18610711872
18610719265
18610758839
18610772010
18610786990
18610792209
18610795897
18610810627
18610816981
18610820963
18610826409
18610838106
18610838360
18610882123
18610890267
18610919027
18610925756
18610942316
18611007359
18611010373
18611037291
18611058706
18611061508
18611114370
18611140262
18611153615
18611175395
18611205830
18611290096
18611326077
18611340393
18611347619
18611381936
18611383273
18611390825
18611396625
18611399556
18611462037
18611514617
18611523189
18611526163
18611550152
18611556883
18611588269
18611612468
18611639267
18611666081
18611686708
18611687681
18611698323
18611733220
18611741703
18611752656
18611834056
18611838662
18611879381
18611892118
18611921567
18611930881
18611945910
18611995167
18612003407
18612016145
18612031015
18612032341
18612033226
18612035356
18612096329
18612103169
18612119464
18612182016
18612185802
18612216486
18612260822
18612358391
18612365840
18612375593
18612426058
18612429329
18612453000
18612528396
18612537324
18612556416
18612560656
18612563485
18612563682
18612578669
18612579089
18612582105
18612634157
18612636353
18612637973
18612702122
18612709776
18612855336
18612889811
18612927291
18612937720
18612963615
18612981867
18612991093
18613238907
18613395667
18613800186
18613813866
18613823315
18613829449
18614057460
18614058237
18614072182
18614250550
18614283931
18617838799
18618102186
18618120625
18618126964
18618134133
18618142829
18618188252
18618195325
18618229610
18618265580
18618320540
18618343716
18618387745
18618397067
18618436895
18618456837
18620100319
18622136272
18622906269
18629370416
18630629115
18631638505
18632550089
18633218365
18633336305
18633611591
18633639773
18633790081
18641615799
18641820816
18641825655
18641861979
18647127725
18647136419
18647149048
18647149856
18647154980
18647209977
18647382303
18647396686
18647467644
18647779017
18647992516
18648253122
18648254950
18648267011
18655189030
18655300602
18655303386
18655325025
18655328020
18655362962
18657170899
18658128080
18658898253
18663184919
18668079102
18668128677
18671330598
18671380727
18673396303
18682551131
18682562565
18684762756
18686024717
18686056368
18686137388
18693818581
18696407507
18697419966
18697419975
18698402980
18698435727
18698444469
18701025331
18701033958
18701053825
18701079857
18701180721
18701219554
18701222036
18701237916
18701336907
18701337656
18701383806
18701387728
18701410966
18701418016
18701442818
18701445632
18701467606
18701472829
18701477080
18701485620
18701490679
18701506029
18701506606
18701515955
18701570787
18701625100
18701626963
18701633316
18701635155
18701644619
18701696697
18704189926
18710080221
18710118607
18710158108
18710171948
18710956575
18715140806
18715296587
18715301352
18715315667
18715336156
18715346686
18715531616
18728426830
18728482270
18731602056
18731695369
18742096791
18747230131
18747231651
18748115185
18755385208
18757104579
18757174736
18758280849
18758550734
18771627795
18772380927
18772388710
18772389737
18772397037
18772397227
18772503730
18772512636
18772513702
18772515706
18772515969
18772828287
18772838303
18782058658
18800025696
18800039669
18800088236
18800101836
18800106383
18800161062
18800183730
18800189515
18800198893
18801063738
18801064654
18801067992
18801101801
18801121297
18801121517
18801126728
18801135853
18801189844
18801200693
18801209963
18801231050
18801250368
18801257683
18801301966
18801339081
18801355316
18801358677
18801393861
18801428123
18804180090
18804308171
18804312178
18804882144
18805535238
18810076332
18810096282
18810099338
18810135828
18810136189
18810151968
18810178691
18810230313
18810261822
18810265570
18810318177
18810321521
18810325660
18810333172
18810333867
18810351327
18810365268
18810374791
18810377732
18810379625
18810396260
18810442917
18810442935
18810447846
18810448290
18810448988
18810476743
18810481430
18810518429
18810551513
18810558581
18810559286
18810561903
18810569156
18810576795
18810576928
18810598300
18810600429
18810605269
18810613825
18810650494
18810650561
18810704439
18810722475
18810750622
18810786075
18810798695
18810812236
18810821071
18810838776
18810862959
18810925033
18810925659
18810933372
18810942384
18810959050
18810959073
18810985108
18810986422
18811020956
18811050262
18811081167
18811135120
18811138015
18811163909
18811175676
18811175689
18811302976
18811375808
18811395638
18811424897
18811429241
18811468837
18811472710
18811473097
18811476619
18811526983
18811585867
18811589223
18811602926
18811620831
18811630919
18811702548
18811713311
18811722507
18811731892
18811751836
18811777136
18813000980
18813065236
18813068939
18813138934
18813148402
18813148570
18813154245
18813164490
18813170427
18813191183
18814876881
18815537022
18832626138
18833619778
18841806996
18845580868
18846101630
18851507911
18855346562
18855355118
18867597997
18888851380
18895301749
18895311633
18895311636
18895312385
18895326259
18895331427
18895359153
18895388866
18895393705
18895398763
18901181488
18901327671
18901367667
18901385606
18904712306
18904713123
18905538023
18907230221
18907258940
18909635986
18910012397
18910030726
18910051585
18910055068
18910055506
18910055606
18910055619
18910055659
18910056716
18910121533
18910124916
18910131298
18910144682
18910153265
18910154110
18910206221
18910266046
18910295597
18910332756
18910351929
18910391132
18910419535
18910536101
18910554837
18910567059
18910581264
18910594096
18910651367
18910700217
18910712264
18910728813
18910735851
18910785629
18910814520
18910816006
18910844984
18910879077
18910885916
18910890986
18910897655
18910962090
18910972873
18911053768
18911067196
18911076901
18911098091
18911121890
18911135889
18911165211
18911195996
18911199774
18911206137
18911226526
18911292002
18911292012
18911292067
18911292085
18911302977
18911326609
18911345396
18911380665
18911421020
18911437527
18911446775
18911449022
18911535825
18911749223
18911785698
18911860467
18911898611
18911918226
18911938567
18911941016
18912352614
18919676369
18919761748
18931645794
18931681204
18934622962
18942136983
18947109982
18947120826
18947202852
18947288853
18947916090
18949436183
18949525001
18949526360
18949593990
18949597818
18949855535
18955304067
18955306186
18955307458
18955312828
18955313923
18955316250
18955330905
18955331338
18955331506
18955331606
18955331608
18955331996
18955332265
18955332397
18955332410
18955337909
18955338618
18955339730
18955343309
18955350118
18955360151
18955361558
18955368785
18955374352
18955386029
18955386169
18955389381
18955532680
18955577610
18957121205
18969106731
18971700247
18971719665
18971746639
18972708750
18972718711
18972720047
18972737263
18972737291
18972743333
18972747825
18972747877
18972754183
18980064531
18980445467
18980519199
18980561987
18980678587
18980817118
18980908648
18980981698
18980983629
18981841206
18981895273
18981897106
18982010733
18982104665
18982186963
18982208058
18986533225
18986533331
18986548777
18986555017
18986555087
18986555585
18986568285
18986568393
18989872678
18995768010
18995768659
18995768818
18995768896
18995768960
19801039687
19801352132
19801382827
19801382902
19801383007
19801383080
19801383315
19810910558
19855182083
19855328932
19855399558
19910735010
19910735210
19910735218
19910735255
19972580530
19981228677
19982187188
19983050720
19983168106
19983184786
19983295255
Ran_56ae6_97341
Ran_c9551_47724
Ran_cbe44_51291
Student11_1
Student11_2
Student11_3
Student11_4
Student11_5
Student11_6
Student1_1
Student1_10
Student1_100
Student1_1000
Student1_101
Student1_102
Student1_103
Student1_104
Student1_105
Student1_106
Student1_107
Student1_108
Student1_109
Student1_11
Student1_110
Student1_111
Student1_112
Student1_113
Student1_114
Student1_115
Student1_116
Student1_117
Student1_118
Student1_119
Student1_12
Student1_120
Student1_121
Student1_122
Student1_123
Student1_124
Student1_125
Student1_126
Student1_127
Student1_128
Student1_129
Student1_13
Student1_130
Student1_131
Student1_132
Student1_133
Student1_134
Student1_135
Student1_136
Student1_137
Student1_138
Student1_139
Student1_14
Student1_140
Student1_141
Student1_142
Student1_143
Student1_144
Student1_145
Student1_146
Student1_147
Student1_148
Student1_149
Student1_15
Student1_150
Student1_151
Student1_152
Student1_153
Student1_154
Student1_155
Student1_156
Student1_157
Student1_158
Student1_159
Student1_16
Student1_160
Student1_161
Student1_162
Student1_163
Student1_164
Student1_165
Student1_166
Student1_167
Student1_168
Student1_169
Student1_17
Student1_170
Student1_171
Student1_172
Student1_173
Student1_174
Student1_175
Student1_176
Student1_177
Student1_178
Student1_179
Student1_18
Student1_180
Student1_181
Student1_182
Student1_183
Student1_184
Student1_185
Student1_186
Student1_187
Student1_188
Student1_189
Student1_19
Student1_190
Student1_191
Student1_192
Student1_193
Student1_194
Student1_195
Student1_196
Student1_197
Student1_198
Student1_199
Student1_2
Student1_20
Student1_200
Student1_201
Student1_202
Student1_203
Student1_204
Student1_205
Student1_206
Student1_207
Student1_208
Student1_209
Student1_21
Student1_210
Student1_211
Student1_212
Student1_213
Student1_214
Student1_215
Student1_216
Student1_217
Student1_218
Student1_219
Student1_22
Student1_220
Student1_221
Student1_222
Student1_223
Student1_224
Student1_225
Student1_226
Student1_227
Student1_228
Student1_229
Student1_23
Student1_230
Student1_231
Student1_232
Student1_233
Student1_234
Student1_235
Student1_236
Student1_237
Student1_238
Student1_239
Student1_24
Student1_240
Student1_241
Student1_242
Student1_243
Student1_244
Student1_245
Student1_246
Student1_247
Student1_248
Student1_249
Student1_25
Student1_250
Student1_251
Student1_252
Student1_253
Student1_254
Student1_255
Student1_256
Student1_257
Student1_258
Student1_259
Student1_26
Student1_260
Student1_261
Student1_262
Student1_263
Student1_264
Student1_265
Student1_266
Student1_267
Student1_268
Student1_269
Student1_27
Student1_270
Student1_271
Student1_272
Student1_273
Student1_274
Student1_275
Student1_276
Student1_277
Student1_278
Student1_279
Student1_28
Student1_280
Student1_281
Student1_282
Student1_283
Student1_284
Student1_285
Student1_286
Student1_287
Student1_288
Student1_289
Student1_29
Student1_290
Student1_291
Student1_292
Student1_293
Student1_294
Student1_295
Student1_296
Student1_297
Student1_298
Student1_299
Student1_3
Student1_30
Student1_300
Student1_301
Student1_302
Student1_303
Student1_304
Student1_305
Student1_306
Student1_307
Student1_308
Student1_309
Student1_31
Student1_310
Student1_311
Student1_312
Student1_313
Student1_314
Student1_315
Student1_316
Student1_317
Student1_318
Student1_319
Student1_32
Student1_320
Student1_321
Student1_322
Student1_323
Student1_324
Student1_325
Student1_326
Student1_327
Student1_328
Student1_329
Student1_33
Student1_330
Student1_331
Student1_332
Student1_333
Student1_334
Student1_335
Student1_336
Student1_337
Student1_338
Student1_339
Student1_34
Student1_340
Student1_341
Student1_342
Student1_343
Student1_344
Student1_345
Student1_346
Student1_347
Student1_348
Student1_349
Student1_35
Student1_350
Student1_351
Student1_352
Student1_353
Student1_354
Student1_355
Student1_356
Student1_357
Student1_358
Student1_359
Student1_36
Student1_360
Student1_361
Student1_362
Student1_363
Student1_364
Student1_365
Student1_366
Student1_367
Student1_368
Student1_369
Student1_37
Student1_370
Student1_371
Student1_372
Student1_373
Student1_374
Student1_375
Student1_376
Student1_377
Student1_378
Student1_379
Student1_38
Student1_380
Student1_381
Student1_382
Student1_383
Student1_384
Student1_385
Student1_386
Student1_387
Student1_388
Student1_389
Student1_39
Student1_390
Student1_391
Student1_392
Student1_393
Student1_394
Student1_395
Student1_396
Student1_397
Student1_398
Student1_399
Student1_4
Student1_40
Student1_400
Student1_401
Student1_402
Student1_403
Student1_404
Student1_405
Student1_406
Student1_407
Student1_408
Student1_409
Student1_41
Student1_410
Student1_411
Student1_412
Student1_413
Student1_414
Student1_415
Student1_416
Student1_417
Student1_418
Student1_419
Student1_42
Student1_420
Student1_421
Student1_422
Student1_423
Student1_424
Student1_425
Student1_426
Student1_427
Student1_428
Student1_429
Student1_43
Student1_430
Student1_431
Student1_432
Student1_433
Student1_434
Student1_435
Student1_436
Student1_437
Student1_438
Student1_439
Student1_44
Student1_440
Student1_441
Student1_442
Student1_443
Student1_444
Student1_445
Student1_446
Student1_447
Student1_448
Student1_449
Student1_45
Student1_450
Student1_451
Student1_452
Student1_453
Student1_454
Student1_455
Student1_456
Student1_457
Student1_458
Student1_459
Student1_46
Student1_460
Student1_461
Student1_462
Student1_463
Student1_464
Student1_465
Student1_466
Student1_467
Student1_468
Student1_469
Student1_47
Student1_470
Student1_471
Student1_472
Student1_473
Student1_474
Student1_475
Student1_476
Student1_477
Student1_478
Student1_479
Student1_48
Student1_480
Student1_481
Student1_482
Student1_483
Student1_484
Student1_485
Student1_486
Student1_487
Student1_488
Student1_489
Student1_49
Student1_490
Student1_491
Student1_492
Student1_493
Student1_494
Student1_495
Student1_496
Student1_497
Student1_498
Student1_499
Student1_5
Student1_50
Student1_500
Student1_501
Student1_502
Student1_503
Student1_504
Student1_505
Student1_506
Student1_507
Student1_508
Student1_509
Student1_51
Student1_510
Student1_511
Student1_512
Student1_513
Student1_514
Student1_515
Student1_516
Student1_517
Student1_518
Student1_519
Student1_52
Student1_520
Student1_521
Student1_522
Student1_523
Student1_524
Student1_525
Student1_526
Student1_527
Student1_528
Student1_529
Student1_53
Student1_530
Student1_531
Student1_532
Student1_533
Student1_534
Student1_535
Student1_536
Student1_537
Student1_538
Student1_539
Student1_54
Student1_540
Student1_541
Student1_542
Student1_543
Student1_544
Student1_545
Student1_546
Student1_547
Student1_548
Student1_549
Student1_55
Student1_550
Student1_551
Student1_552
Student1_553
Student1_554
Student1_555
Student1_556
Student1_557
Student1_558
Student1_559
Student1_56
Student1_560
Student1_561
Student1_562
Student1_563
Student1_564
Student1_565
Student1_566
Student1_567
Student1_568
Student1_569
Student1_57
Student1_570
Student1_571
Student1_572
Student1_573
Student1_574
Student1_575
Student1_576
Student1_577
Student1_578
Student1_579
Student1_58
Student1_580
Student1_581
Student1_582
Student1_583
Student1_584
Student1_585
Student1_586
Student1_587
Student1_588
Student1_589
Student1_59
Student1_590
Student1_591
Student1_592
Student1_593
Student1_594
Student1_595
Student1_596
Student1_597
Student1_598
Student1_599
Student1_6
Student1_60
Student1_600
Student1_601
Student1_602
Student1_603
Student1_604
Student1_605
Student1_606
Student1_607
Student1_608
Student1_609
Student1_61
Student1_610
Student1_611
Student1_612
Student1_613
Student1_614
Student1_615
Student1_616
Student1_617
Student1_618
Student1_619
Student1_62
Student1_620
Student1_621
Student1_622
Student1_623
Student1_624
Student1_625
Student1_626
Student1_627
Student1_628
Student1_629
Student1_63
Student1_630
Student1_631
Student1_632
Student1_633
Student1_634
Student1_635
Student1_636
Student1_637
Student1_638
Student1_639
Student1_64
Student1_640
Student1_641
Student1_642
Student1_643
Student1_644
Student1_645
Student1_646
Student1_647
Student1_648
Student1_649
Student1_65
Student1_650
Student1_651
Student1_652
Student1_653
Student1_654
Student1_655
Student1_656
Student1_657
Student1_658
Student1_659
Student1_66
Student1_660
Student1_661
Student1_662
Student1_663
Student1_664
Student1_665
Student1_666
Student1_667
Student1_668
Student1_669
Student1_67
Student1_670
Student1_671
Student1_672
Student1_673
Student1_674
Student1_675
Student1_676
Student1_677
Student1_678
Student1_679
Student1_68
Student1_680
Student1_681
Student1_682
Student1_683
Student1_684
Student1_685
Student1_686
Student1_687
Student1_688
Student1_689
Student1_69
Student1_690
Student1_691
Student1_692
Student1_693
Student1_694
Student1_695
Student1_696
Student1_697
Student1_698
Student1_699
Student1_7
Student1_70
Student1_700
Student1_701
Student1_702
Student1_703
Student1_704
Student1_705
Student1_706
Student1_707
Student1_708
Student1_709
Student1_71
Student1_710
Student1_711
Student1_712
Student1_713
Student1_714
Student1_715
Student1_716
Student1_717
Student1_718
Student1_719
Student1_72
Student1_720
Student1_721
Student1_722
Student1_723
Student1_724
Student1_725
Student1_726
Student1_727
Student1_728
Student1_729
Student1_73
Student1_730
Student1_731
Student1_732
Student1_733
Student1_734
Student1_735
Student1_736
Student1_737
Student1_738
Student1_739
Student1_74
Student1_740
Student1_741
Student1_742
Student1_743
Student1_744
Student1_745
Student1_746
Student1_747
Student1_748
Student1_749
Student1_75
Student1_750
Student1_751
Student1_752
Student1_753
Student1_754
Student1_755
Student1_756
Student1_757
Student1_758
Student1_759
Student1_76
Student1_760
Student1_761
Student1_762
Student1_763
Student1_764
Student1_765
Student1_766
Student1_767
Student1_768
Student1_769
Student1_77
Student1_770
Student1_771
Student1_772
Student1_773
Student1_774
Student1_775
Student1_776
Student1_777
Student1_778
Student1_779
Student1_78
Student1_780
Student1_781
Student1_782
Student1_783
Student1_784
Student1_785
Student1_786
Student1_787
Student1_788
Student1_789
Student1_79
Student1_790
Student1_791
Student1_792
Student1_793
Student1_794
Student1_795
Student1_796
Student1_797
Student1_798
Student1_799
Student1_8
Student1_80
Student1_800
Student1_801
Student1_802
Student1_803
Student1_804
Student1_805
Student1_806
Student1_807
Student1_808
Student1_809
Student1_81
Student1_810
Student1_811
Student1_812
Student1_813
Student1_814
Student1_815
Student1_816
Student1_817
Student1_818
Student1_819
Student1_82
Student1_820
Student1_821
Student1_822
Student1_823
Student1_824
Student1_825
Student1_826
Student1_827
Student1_828
Student1_829
Student1_83
Student1_830
Student1_831
Student1_832
Student1_833
Student1_834
Student1_835
Student1_836
Student1_837
Student1_838
Student1_839
Student1_84
Student1_840
Student1_841
Student1_842
Student1_843
Student1_844
Student1_845
Student1_846
Student1_847
Student1_848
Student1_849
Student1_85
Student1_850
Student1_851
Student1_852
Student1_853
Student1_854
Student1_855
Student1_856
Student1_857
Student1_858
Student1_859
Student1_86
Student1_860
Student1_861
Student1_862
Student1_863
Student1_864
Student1_865
Student1_866
Student1_867
Student1_868
Student1_869
Student1_87
Student1_870
Student1_871
Student1_872
Student1_873
Student1_874
Student1_875
Student1_876
Student1_877
Student1_878
Student1_879
Student1_88
Student1_880
Student1_881
Student1_882
Student1_883
Student1_884
Student1_885
Student1_886
Student1_887
Student1_888
Student1_889
Student1_89
Student1_890
Student1_891
Student1_892
Student1_893
Student1_894
Student1_895
Student1_896
Student1_897
Student1_898
Student1_899
Student1_9
Student1_90
Student1_900
Student1_901
Student1_902
Student1_903
Student1_904
Student1_905
Student1_906
Student1_907
Student1_908
Student1_909
Student1_91
Student1_910
Student1_911
Student1_912
Student1_913
Student1_914
Student1_915
Student1_916
Student1_917
Student1_918
Student1_919
Student1_92
Student1_920
Student1_921
Student1_922
Student1_923
Student1_924
Student1_925
Student1_926
Student1_927
Student1_928
Student1_929
Student1_93
Student1_930
Student1_931
Student1_932
Student1_933
Student1_934
Student1_935
Student1_936
Student1_937
Student1_938
Student1_939
Student1_94
Student1_940
Student1_941
Student1_942
Student1_943
Student1_944
Student1_945
Student1_946
Student1_947
Student1_948
Student1_949
Student1_95
Student1_950
Student1_951
Student1_952
Student1_953
Student1_954
Student1_955
Student1_956
Student1_957
Student1_958
Student1_959
Student1_96
Student1_960
Student1_961
Student1_962
Student1_963
Student1_964
Student1_965
Student1_966
Student1_967
Student1_968
Student1_969
Student1_97
Student1_970
Student1_971
Student1_972
Student1_973
Student1_974
Student1_975
Student1_976
Student1_977
Student1_978
Student1_979
Student1_98
Student1_980
Student1_981
Student1_982
Student1_983
Student1_984
Student1_985
Student1_986
Student1_987
Student1_988
Student1_989
Student1_99
Student1_990
Student1_991
Student1_992
Student1_993
Student1_994
Student1_995
Student1_996
Student1_997
Student1_998
Student1_999
Stut1_1
Stut1_10
Stut1_100
Stut1_101
Stut1_102
Stut1_103
Stut1_104
Stut1_105
Stut1_106
Stut1_107
Stut1_108
Stut1_109
Stut1_11
Stut1_110
Stut1_111
Stut1_112
Stut1_113
Stut1_114
Stut1_115
Stut1_116
Stut1_117
Stut1_118
Stut1_119
Stut1_12
Stut1_120
Stut1_121
Stut1_122
Stut1_123
Stut1_124
Stut1_125
Stut1_126
Stut1_127
Stut1_128
Stut1_129
Stut1_13
Stut1_130
Stut1_131
Stut1_132
Stut1_133
Stut1_134
Stut1_135
Stut1_136
Stut1_137
Stut1_138
Stut1_139
Stut1_14
Stut1_140
Stut1_141
Stut1_142
Stut1_143
Stut1_144
Stut1_145
Stut1_146
Stut1_147
Stut1_148
Stut1_149
Stut1_15
Stut1_150
Stut1_151
Stut1_152
Stut1_153
Stut1_154
Stut1_155
Stut1_156
Stut1_157
Stut1_158
Stut1_159
Stut1_16
Stut1_160
Stut1_161
Stut1_162
Stut1_163
Stut1_164
Stut1_165
Stut1_166
Stut1_167
Stut1_168
Stut1_169
Stut1_17
Stut1_170
Stut1_171
Stut1_172
Stut1_173
Stut1_174
Stut1_175
Stut1_176
Stut1_177
Stut1_178
Stut1_179
Stut1_18
Stut1_180
Stut1_181
Stut1_182
Stut1_183
Stut1_184
Stut1_185
Stut1_186
Stut1_187
Stut1_188
Stut1_189
Stut1_19
Stut1_190
Stut1_191
Stut1_192
Stut1_193
Stut1_194
Stut1_195
Stut1_196
Stut1_197
Stut1_198
Stut1_199
Stut1_2
Stut1_20
Stut1_200
Stut1_201
Stut1_202
Stut1_203
Stut1_204
Stut1_205
Stut1_206
Stut1_207
Stut1_208
Stut1_209
Stut1_21
Stut1_210
Stut1_211
Stut1_212
Stut1_213
Stut1_214
Stut1_215
Stut1_216
Stut1_217
Stut1_218
Stut1_219
Stut1_22
Stut1_220
Stut1_221
Stut1_222
Stut1_223
Stut1_224
Stut1_225
Stut1_226
Stut1_227
Stut1_228
Stut1_229
Stut1_23
Stut1_230
Stut1_231
Stut1_232
Stut1_233
Stut1_234
Stut1_235
Stut1_236
Stut1_237
Stut1_238
Stut1_239
Stut1_24
Stut1_240
Stut1_241
Stut1_242
Stut1_243
Stut1_244
Stut1_245
Stut1_246
Stut1_247
Stut1_248
Stut1_249
Stut1_25
Stut1_250
Stut1_251
Stut1_252
Stut1_253
Stut1_254
Stut1_255
Stut1_256
Stut1_257
Stut1_258
Stut1_259
Stut1_26
Stut1_260
Stut1_261
Stut1_262
Stut1_263
Stut1_264
Stut1_265
Stut1_266
Stut1_267
Stut1_268
Stut1_269
Stut1_27
Stut1_270
Stut1_271
Stut1_272
Stut1_273
Stut1_274
Stut1_275
Stut1_276
Stut1_277
Stut1_278
Stut1_279
Stut1_28
Stut1_280
Stut1_281
Stut1_282
Stut1_283
Stut1_284
Stut1_285
Stut1_286
Stut1_287
Stut1_288
Stut1_289
Stut1_29
Stut1_290
Stut1_291
Stut1_292
Stut1_293
Stut1_294
Stut1_295
Stut1_296
Stut1_297
Stut1_298
Stut1_299
Stut1_3
Stut1_30
Stut1_300
Stut1_301
Stut1_302
Stut1_303
Stut1_304
Stut1_305
Stut1_306
Stut1_307
Stut1_308
Stut1_309
Stut1_31
Stut1_310
Stut1_311
Stut1_312
Stut1_313
Stut1_314
Stut1_315
Stut1_316
Stut1_317
Stut1_318
Stut1_319
Stut1_32
Stut1_320
Stut1_321
Stut1_322
Stut1_323
Stut1_324
Stut1_325
Stut1_326
Stut1_327
Stut1_328
Stut1_329
Stut1_33
Stut1_330
Stut1_331
Stut1_332
Stut1_333
Stut1_334
Stut1_335
Stut1_336
Stut1_337
Stut1_338
Stut1_339
Stut1_34
Stut1_340
Stut1_341
Stut1_342
Stut1_343
Stut1_344
Stut1_345
Stut1_346
Stut1_347
Stut1_348
Stut1_349
Stut1_35
Stut1_350
Stut1_351
Stut1_352
Stut1_353
Stut1_354
Stut1_355
Stut1_356
Stut1_357
Stut1_358
Stut1_359
Stut1_36
Stut1_360
Stut1_361
Stut1_362
Stut1_363
Stut1_364
Stut1_365
Stut1_366
Stut1_367
Stut1_368
Stut1_369
Stut1_37
Stut1_370
Stut1_371
Stut1_372
Stut1_373
Stut1_374
Stut1_375
Stut1_376
Stut1_377
Stut1_378
Stut1_379
Stut1_38
Stut1_380
Stut1_381
Stut1_382
Stut1_383
Stut1_384
Stut1_385
Stut1_386
Stut1_387
Stut1_388
Stut1_389
Stut1_39
Stut1_390
Stut1_391
Stut1_392
Stut1_393
Stut1_394
Stut1_395
Stut1_396
Stut1_397
Stut1_398
Stut1_399
Stut1_4
Stut1_40
Stut1_400
Stut1_401
Stut1_402
Stut1_403
Stut1_404
Stut1_405
Stut1_406
Stut1_407
Stut1_408
Stut1_409
Stut1_41
Stut1_410
Stut1_411
Stut1_412
Stut1_413
Stut1_414
Stut1_415
Stut1_416
Stut1_417
Stut1_418
Stut1_419
Stut1_42
Stut1_420
Stut1_421
Stut1_422
Stut1_423
Stut1_424
Stut1_425
Stut1_426
Stut1_427
Stut1_428
Stut1_429
Stut1_43
Stut1_430
Stut1_431
Stut1_432
Stut1_433
Stut1_434
Stut1_435
Stut1_436
Stut1_437
Stut1_438
Stut1_439
Stut1_44
Stut1_440
Stut1_441
Stut1_442
Stut1_443
Stut1_444
Stut1_445
Stut1_446
Stut1_447
Stut1_448
Stut1_449
Stut1_45
Stut1_450
Stut1_451
Stut1_452
Stut1_453
Stut1_454
Stut1_455
Stut1_456
Stut1_457
Stut1_458
Stut1_459
Stut1_46
Stut1_460
Stut1_461
Stut1_462
Stut1_463
Stut1_464
Stut1_465
Stut1_466
Stut1_467
Stut1_468
Stut1_469
Stut1_47
Stut1_470
Stut1_471
Stut1_472
Stut1_473
Stut1_474
Stut1_475
Stut1_476
Stut1_477
Stut1_478
Stut1_479
Stut1_48
Stut1_480
Stut1_481
Stut1_482
Stut1_483
Stut1_484
Stut1_485
Stut1_486
Stut1_487
Stut1_488
Stut1_489
Stut1_49
Stut1_490
Stut1_491
Stut1_492
Stut1_493
Stut1_494
Stut1_495
Stut1_496
Stut1_497
Stut1_498
Stut1_499
Stut1_5
Stut1_50
Stut1_500
Stut1_501
Stut1_502
Stut1_503
Stut1_504
Stut1_505
Stut1_506
Stut1_507
Stut1_508
Stut1_509
Stut1_51
Stut1_510
Stut1_511
Stut1_512
Stut1_513
Stut1_514
Stut1_515
Stut1_516
Stut1_517
Stut1_518
Stut1_519
Stut1_52
Stut1_520
Stut1_521
Stut1_522
Stut1_523
Stut1_524
Stut1_525
Stut1_526
Stut1_527
Stut1_528
Stut1_529
Stut1_53
Stut1_530
Stut1_531
Stut1_532
Stut1_533
Stut1_534
Stut1_535
Stut1_536
Stut1_537
Stut1_538
Stut1_539
Stut1_54
Stut1_540
Stut1_541
Stut1_542
Stut1_543
Stut1_544
Stut1_545
Stut1_546
Stut1_547
Stut1_548
Stut1_549
Stut1_55
Stut1_550
Stut1_551
Stut1_552
Stut1_553
Stut1_554
Stut1_555
Stut1_556
Stut1_557
Stut1_558
Stut1_559
Stut1_56
Stut1_560
Stut1_561
Stut1_562
Stut1_563
Stut1_564
Stut1_565
Stut1_566
Stut1_567
Stut1_568
Stut1_569
Stut1_57
Stut1_570
Stut1_571
Stut1_572
Stut1_573
Stut1_574
Stut1_575
Stut1_576
Stut1_577
Stut1_578
Stut1_579
Stut1_58
Stut1_580
Stut1_581
Stut1_582
Stut1_583
Stut1_584
Stut1_585
Stut1_586
Stut1_587
Stut1_588
Stut1_589
Stut1_59
Stut1_590
Stut1_591
Stut1_592
Stut1_593
Stut1_594
Stut1_595
Stut1_596
Stut1_597
Stut1_598
Stut1_599
Stut1_6
Stut1_60
Stut1_600
Stut1_601
Stut1_602
Stut1_603
Stut1_604
Stut1_605
Stut1_606
Stut1_607
Stut1_608
Stut1_609
Stut1_61
Stut1_610
Stut1_611
Stut1_612
Stut1_613
Stut1_614
Stut1_615
Stut1_616
Stut1_617
Stut1_618
Stut1_619
Stut1_62
Stut1_620
Stut1_621
Stut1_622
Stut1_623
Stut1_624
Stut1_625
Stut1_626
Stut1_627
Stut1_628
Stut1_629
Stut1_63
Stut1_630
Stut1_631
Stut1_632
Stut1_633
Stut1_634
Stut1_635
Stut1_636
Stut1_637
Stut1_638
Stut1_639
Stut1_64
Stut1_640
Stut1_641
Stut1_642
Stut1_643
Stut1_644
Stut1_645
Stut1_646
Stut1_647
Stut1_648
Stut1_649
Stut1_65
Stut1_650
Stut1_651
Stut1_652
Stut1_653
Stut1_654
Stut1_655
Stut1_656
Stut1_657
Stut1_658
Stut1_659
Stut1_66
Stut1_660
Stut1_661
Stut1_662
Stut1_663
Stut1_664
Stut1_665
Stut1_666
Stut1_667
Stut1_668
Stut1_669
Stut1_67
Stut1_670
Stut1_671
Stut1_672
Stut1_673
Stut1_674
Stut1_675
Stut1_676
Stut1_677
Stut1_678
Stut1_679
Stut1_68
Stut1_680
Stut1_681
Stut1_682
Stut1_683
Stut1_684
Stut1_685
Stut1_686
Stut1_687
Stut1_688
Stut1_689
Stut1_69
Stut1_690
Stut1_691
Stut1_692
Stut1_693
Stut1_694
Stut1_695
Stut1_696
Stut1_697
Stut1_698
Stut1_699
Stut1_7
Stut1_70
Stut1_700
Stut1_701
Stut1_702
Stut1_703
Stut1_704
Stut1_705
Stut1_706
Stut1_707
Stut1_708
Stut1_709
Stut1_71
Stut1_710
Stut1_711
Stut1_712
Stut1_713
Stut1_714
Stut1_715
Stut1_716
Stut1_717
Stut1_718
Stut1_719
Stut1_72
Stut1_720
Stut1_721
Stut1_722
Stut1_723
Stut1_724
Stut1_725
Stut1_726
Stut1_727
Stut1_728
Stut1_729
Stut1_73
Stut1_730
Stut1_731
Stut1_732
Stut1_733
Stut1_734
Stut1_735
Stut1_736
Stut1_737
Stut1_738
Stut1_739
Stut1_74
Stut1_740
Stut1_741
Stut1_742
Stut1_743
Stut1_744
Stut1_745
Stut1_746
Stut1_747
Stut1_748
Stut1_749
Stut1_75
Stut1_750
Stut1_751
Stut1_752
Stut1_753
Stut1_754
Stut1_755
Stut1_756
Stut1_757
Stut1_758
Stut1_759
Stut1_76
Stut1_760
Stut1_761
Stut1_762
Stut1_763
Stut1_764
Stut1_765
Stut1_766
Stut1_767
Stut1_768
Stut1_769
Stut1_77
Stut1_770
Stut1_771
Stut1_772
Stut1_773
Stut1_774
Stut1_775
Stut1_776
Stut1_777
Stut1_778
Stut1_779
Stut1_78
Stut1_780
Stut1_781
Stut1_782
Stut1_783
Stut1_784
Stut1_785
Stut1_786
Stut1_787
Stut1_788
Stut1_789
Stut1_79
Stut1_790
Stut1_791
Stut1_792
Stut1_793
Stut1_794
Stut1_795
Stut1_796
Stut1_797
Stut1_798
Stut1_799
Stut1_8
Stut1_80
Stut1_800
Stut1_801
Stut1_802
Stut1_803
Stut1_804
Stut1_805
Stut1_806
Stut1_807
Stut1_808
Stut1_809
Stut1_81
Stut1_810
Stut1_811
Stut1_812
Stut1_813
Stut1_814
Stut1_815
Stut1_816
Stut1_817
Stut1_818
Stut1_819
Stut1_82
Stut1_820
Stut1_821
Stut1_822
Stut1_823
Stut1_824
Stut1_825
Stut1_826
Stut1_827
Stut1_828
Stut1_829
Stut1_83
Stut1_830
Stut1_831
Stut1_832
Stut1_833
Stut1_834
Stut1_835
Stut1_836
Stut1_837
Stut1_838
Stut1_839
Stut1_84
Stut1_840
Stut1_841
Stut1_842
Stut1_843
Stut1_844
Stut1_845
Stut1_846
Stut1_847
Stut1_848
Stut1_849
Stut1_85
Stut1_850
Stut1_851
Stut1_852
Stut1_853
Stut1_854
Stut1_855
Stut1_856
Stut1_857
Stut1_858
Stut1_859
Stut1_86
Stut1_860
Stut1_861
Stut1_862
Stut1_863
Stut1_864
Stut1_865
Stut1_866
Stut1_867
Stut1_868
Stut1_869
Stut1_87
Stut1_870
Stut1_871
Stut1_872
Stut1_873
Stut1_874
Stut1_875
Stut1_876
Stut1_877
Stut1_878
Stut1_879
Stut1_88
Stut1_880
Stut1_881
Stut1_882
Stut1_883
Stut1_884
Stut1_885
Stut1_886
Stut1_887
Stut1_888
Stut1_889
Stut1_89
Stut1_890
Stut1_891
Stut1_892
Stut1_893
Stut1_894
Stut1_9
Stut1_90
Stut1_91
Stut1_92
Stut1_93
Stut1_94
Stut1_95
Stut1_96
Stut1_97
Stut1_98
Stut1_99
admin
asdasdasda
ddfsgds
dfgdgfdfg
ewrewr
fgfhgdfgh
lzh_01
lzh_zj
qqwwee
qwe
reretre
rr22
ss1
stu_01
stu_02
stu_03
stu_04
stu_05
stu_06
tea_01
tt1
tt2
ywl
ywl_1
zheng123456
zhengbenlu123
zhengbenlu123456
zhujiao1